
0 0 -0.908064
0 1 -1.000000
1 0 -0.954032
1 1 -1.000000
2 0 -0.947083
2 1 -0.951932
3 0 -1.000000
3 1 -1.000000
4 0 -1.000000
4 1 -0.965184
5 0 -1.000000
5 1 -0.930368
6 0 -1.000000
6 1 -0.895552
7 0 -0.964547
7 1 -0.910550
8 0 -1.000000
8 1 -0.849581
9 0 -0.960378
9 1 -0.872282
10 0 -1.000000
10 1 -0.803608
11 0 -0.960217
11 1 -0.826548
12 0 -1.000000
12 1 -0.757634
13 0 -0.960190
13 1 -0.780612
14 0 -1.000000
14 1 -0.711659
15 0 -0.960182
15 1 -0.734645
16 0 -1.000000
16 1 -0.665683
17 0 -0.960180
17 1 -0.688671
18 0 -0.889580
18 1 -0.953345
19 0 -1.000000
19 1 -0.619706
20 0 -0.960179
20 1 -0.642694
21 0 -1.000000
21 1 -0.573728
22 0 -0.960178
22 1 -0.596717
23 0 -1.000000
23 1 -0.527748
24 0 -0.960177
24 1 -0.550738
25 0 -0.918291
25 1 -0.902114
26 0 -1.000000
26 1 -0.481768
27 0 -0.960176
27 1 -0.504758
28 0 -0.920629
28 1 -0.849940
29 0 -0.862077
29 1 -1.000000
30 0 -1.000000
30 1 -0.435786
31 0 -0.960175
31 1 -0.458777
32 0 -0.920432
32 1 -0.803718
33 0 -1.000000
33 1 -0.389803
34 0 -0.960174
34 1 -0.412794
35 0 -0.920364
35 1 -0.757655
36 0 -1.000000
36 1 -0.343819
37 0 -0.960173
37 1 -0.366811
38 0 -0.920357
38 1 -0.711661
39 0 -1.000000
39 1 -0.297834
40 0 -0.960172
40 1 -0.320827
41 0 -0.920355
41 1 -0.665684
42 0 -1.000000
42 1 -0.251847
43 0 -0.960172
43 1 -0.274841
44 0 -0.920354
44 1 -0.619707
45 0 -1.000000
45 1 -0.205860
46 0 -0.960188
46 1 -0.228846
47 0 -0.920352
47 1 -0.573728
48 0 -1.000000
48 1 -0.159871
49 0 -0.960354
49 1 -0.182787
50 0 -0.884541
50 1 -0.869052
51 0 -0.920350
51 1 -0.527749
52 0 -1.000000
52 1 -0.113881
53 0 -0.961401
53 1 -0.136925
54 0 -0.880865
54 1 -0.827556
55 0 -0.920348
55 1 -0.481768
56 0 -1.000000
56 1 -0.067891
57 0 -0.966155
57 1 -0.097801
58 0 -0.880495
58 1 -0.780857
59 0 -0.864539
59 1 -0.908448
60 0 -0.920346
60 1 -0.435786
61 0 -1.000000
61 1 -0.021899
62 0 -0.966089
62 1 -0.021899
63 0 -0.948649
63 1 -0.063322
64 0 -0.880512
64 1 -0.734666
65 0 -0.920344
65 1 -0.389804
66 0 -0.880524
66 1 -0.688672
67 0 -0.920342
67 1 -0.343820
68 0 -0.908014
68 1 0.021899
69 0 -0.954007
69 1 0.021899
70 0 -0.947056
70 1 0.069799
71 0 -1.000000
71 1 0.021899
72 0 -1.000000
72 1 0.056554
73 0 -0.880524
73 1 -0.642696
74 0 -0.920339
74 1 -0.297839
75 0 -0.932178
75 1 -0.021899
76 0 -1.000000
76 1 0.091209
77 0 -1.000000
77 1 0.125864
78 0 -0.964529
78 1 0.111013
79 0 -0.880521
79 1 -0.596719
80 0 -0.920340
80 1 -0.251865
81 0 -0.840171
81 1 -0.955525
82 0 -1.000000
82 1 0.171861
83 0 -0.960358
83 1 0.149211
84 0 -0.880518
84 1 -0.550740
85 0 -0.920395
85 1 -0.205849
86 0 -1.000000
86 1 0.217859
87 0 -0.960195
87 1 0.194925
88 0 -0.838882
88 1 -0.859338
89 0 -0.880515
89 1 -0.504760
90 0 -0.920867
90 1 -0.159242
91 0 -1.000000
91 1 0.263858
92 0 -0.960169
92 1 0.240872
93 0 -0.839962
93 1 -0.804829
94 0 -0.880512
94 1 -0.458779
95 0 -0.923125
95 1 -0.108176
96 0 -1.000000
96 1 0.309859
97 0 -0.960160
97 1 0.286861
98 0 -0.840528
98 1 -0.757661
99 0 -0.880509
99 1 -0.412797
100 0 -0.906438
100 1 -0.063334
101 0 -1.000000
101 1 0.355860
102 0 -0.960158
102 1 0.332860
103 0 -0.816080
103 1 -1.000000
104 0 -0.840666
104 1 -0.711634
105 0 -0.880506
105 1 -0.366814
106 0 -0.815702
106 1 -0.911595
107 0 -0.898266
107 1 -0.021899
108 0 -0.889525
108 1 0.068446
109 0 -1.000000
109 1 0.401863
110 0 -0.960157
110 1 0.378861
111 0 -0.840685
111 1 -0.665680
112 0 -0.880503
112 1 -0.320834
113 0 -1.000000
113 1 0.447866
114 0 -0.960156
114 1 0.424864
115 0 -0.840684
115 1 -0.619710
116 0 -0.880498
116 1 -0.274877
117 0 -1.000000
117 1 0.493871
118 0 -0.960155
118 1 0.470869
119 0 -0.840680
119 1 -0.573732
120 0 -0.880505
120 1 -0.229005
121 0 -0.918252
121 1 0.119504
122 0 -1.000000
122 1 0.539877
123 0 -0.960154
123 1 0.516874
124 0 -0.793027
124 1 -0.957453
125 0 -0.840676
125 1 -0.527753
126 0 -0.880661
126 1 -0.183290
127 0 -0.920589
127 1 0.171571
128 0 -1.000000
128 1 0.585884
129 0 -0.960153
129 1 0.562881
130 0 -0.862001
130 1 0.021899
131 0 -0.797221
131 1 -0.825486
132 0 -0.840672
132 1 -0.481772
133 0 -0.881437
133 1 -0.137938
134 0 -0.920390
134 1 0.217769
135 0 -1.000000
135 1 0.631893
136 0 -0.960152
136 1 0.608888
137 0 -0.786559
137 1 -0.871637
138 0 -0.800160
138 1 -0.779756
139 0 -0.840668
139 1 -0.435790
140 0 -0.920321
140 1 0.263842
141 0 -0.858335
141 1 -0.066647
142 0 -1.000000
142 1 0.677902
143 0 -0.960151
143 1 0.654897
144 0 -0.800743
144 1 -0.734365
145 0 -0.840664
145 1 -0.389808
146 0 -0.920313
146 1 0.309858
147 0 -1.000000
147 1 0.723912
148 0 -0.960150
148 1 0.700907
149 0 -0.881774
149 1 -0.098604
150 0 -0.800832
150 1 -0.688618
151 0 -0.840660
151 1 -0.343828
152 0 -0.770073
152 1 -1.000000
153 0 -0.920312
153 1 0.355860
154 0 -1.000000
154 1 0.769924
155 0 -0.960150
155 1 0.746917
156 0 -0.800840
156 1 -0.642694
157 0 -0.768035
157 1 -0.916534
158 0 -0.840655
158 1 -0.297869
159 0 -0.920310
159 1 0.401862
160 0 -1.000000
160 1 0.815937
161 0 -0.960162
161 1 0.792935
162 0 -0.800836
162 1 -0.596724
163 0 -0.840658
163 1 -0.252004
164 0 -0.920308
164 1 0.447866
165 0 -1.000000
165 1 0.861951
166 0 -0.960307
166 1 0.839008
167 0 -0.852243
167 1 -0.021899
168 0 -0.800831
168 1 -0.550746
169 0 -0.840776
169 1 -0.206387
170 0 -0.884486
170 1 0.152526
171 0 -0.920306
171 1 0.493870
172 0 -1.000000
172 1 0.907966
173 0 -0.961280
173 1 0.884878
174 0 -0.800826
174 1 -0.504766
175 0 -0.841603
175 1 -0.161088
176 0 -0.880804
176 1 0.193963
177 0 -0.920304
177 1 0.539877
178 0 -0.746564
178 1 -0.959101
179 0 -1.000000
179 1 0.953983
180 0 -0.965926
180 1 0.924021
181 0 -0.754156
181 1 -0.838852
182 0 -0.760228
182 1 -0.798925
183 0 -0.800821
183 1 -0.458785
184 0 -0.880431
184 1 0.240640
185 0 -0.920302
185 1 0.585884
186 0 -0.864478
186 1 0.113261
187 0 -0.845143
187 1 -0.115960
188 0 -1.000000
188 1 1.000000
189 0 -0.965352
189 1 1.000000
190 0 -0.760905
190 1 -0.756297
191 0 -0.800816
191 1 -0.412803
192 0 -0.947979
192 1 0.958509
193 0 -0.880447
193 1 0.286842
194 0 -0.920300
194 1 0.631892
195 0 -0.740334
195 1 -0.878827
196 0 -0.760977
196 1 -0.711362
197 0 -0.800811
197 1 -0.366822
198 0 -0.819583
198 1 -0.052692
199 0 -0.880458
199 1 0.332859
200 0 -0.920298
200 1 0.677901
201 0 -0.760987
201 1 -0.665640
202 0 -0.800806
202 1 -0.320855
203 0 -0.880458
203 1 0.378860
204 0 -0.806210
204 1 -0.021899
205 0 -0.920295
205 1 0.723907
206 0 -0.760985
206 1 -0.619711
207 0 -0.724057
207 1 -1.000000
208 0 -0.800806
208 1 -0.274958
209 0 -0.880455
209 1 0.424862
210 0 -0.930705
210 1 1.000000
211 0 -0.920292
211 1 0.769902
212 0 -0.721762
212 1 -0.919636
213 0 -0.840093
213 1 0.066315
214 0 -0.760980
214 1 -0.573739
215 0 -0.800879
215 1 -0.229245
216 0 -0.880452
216 1 0.470866
217 0 -0.920329
217 1 0.815925
218 0 -0.760974
218 1 -0.527760
219 0 -0.801417
219 1 -0.183691
220 0 -0.838809
220 1 0.162285
221 0 -0.880449
221 1 0.516872
222 0 -0.920711
222 1 0.862516
223 0 -0.810298
223 1 -0.091294
224 0 -0.760968
224 1 -0.481780
225 0 -0.803748
225 1 -0.137764
226 0 -0.726060
226 1 -0.813013
227 0 -0.839880
227 1 0.216697
228 0 -0.880446
228 1 0.562878
229 0 -0.922678
229 1 0.913568
230 0 -0.721980
230 1 -0.777365
231 0 -0.760962
231 1 -0.435798
232 0 -0.711295
232 1 -0.843950
233 0 -0.700455
233 1 -0.960021
234 0 -0.840442
234 1 0.263845
235 0 -0.880443
235 1 0.608886
236 0 -0.905295
236 1 0.958449
237 0 -0.721207
237 1 -0.733701
238 0 -0.760956
238 1 -0.389817
239 0 -0.815979
239 1 0.021899
240 0 -0.840578
240 1 0.309886
241 0 -0.880440
241 1 0.654894
242 0 -0.815623
242 1 0.110192
243 0 -0.721127
243 1 -0.688456
244 0 -0.896058
244 1 1.000000
245 0 -0.760950
245 1 -0.343844
246 0 -0.695079
246 1 -0.882174
247 0 -0.840597
247 1 0.355863
248 0 -0.880437
248 1 0.700899
249 0 -0.773971
249 1 -0.062537
250 0 -0.721126
250 1 -0.642671
251 0 -0.760947
251 1 -0.297916
252 0 -0.840596
252 1 0.401859
253 0 -0.880430
253 1 0.746877
254 0 -0.721122
254 1 -0.596729
255 0 -0.760981
255 1 -0.252103
256 0 -0.840593
256 1 0.447862
257 0 -0.880425
257 1 0.792754
258 0 -0.678031
258 1 -1.000000
259 0 -0.721115
259 1 -0.550755
260 0 -0.761263
260 1 -0.206336
261 0 -0.675946
261 1 -0.921095
262 0 -0.840589
262 1 0.493867
263 0 -0.792927
263 1 0.064425
264 0 -0.880520
264 1 0.838440
265 0 -0.721108
265 1 -0.504775
266 0 -0.762523
266 1 -0.160006
267 0 -0.797125
267 1 0.196105
268 0 -0.766215
268 1 -0.112421
269 0 -0.840585
269 1 0.539873
270 0 -0.881091
270 1 0.883738
271 0 -0.721101
271 1 -0.458794
272 0 -0.760167
272 1 -0.021899
273 0 -0.683068
273 1 -0.803803
274 0 -0.786471
274 1 0.150094
275 0 -0.800055
275 1 0.241765
276 0 -0.840581
276 1 0.585880
277 0 -0.681302
277 1 -0.755840
278 0 -0.721094
278 1 -0.412813
279 0 -0.856939
279 1 0.955245
280 0 -0.666583
280 1 -0.846246
281 0 -0.800634
281 1 0.287149
282 0 -0.840577
282 1 0.631887
283 0 -0.681195
283 1 -0.710928
284 0 -0.654481
284 1 -0.960407
285 0 -0.721087
285 1 -0.366836
286 0 -0.881026
286 1 0.923073
287 0 -0.800722
287 1 0.332913
288 0 -0.840572
288 1 0.677893
289 0 -0.769947
289 1 0.021899
290 0 -0.681242
290 1 -0.665520
291 0 -0.721082
291 1 -0.320886
292 0 -0.800730
292 1 0.378862
293 0 -0.767937
293 1 0.105324
294 0 -0.840566
294 1 0.723873
295 0 -0.731995
295 1 -0.050986
296 0 -0.649946
296 1 -0.883907
297 0 -0.681254
297 1 -0.619697
298 0 -0.721094
298 1 -0.275004
299 0 -0.800726
299 1 0.424857
300 0 -0.840562
300 1 0.769745
301 0 -0.681250
301 1 -0.573747
302 0 -0.721227
302 1 -0.229119
303 0 -0.800722
303 1 0.470861
304 0 -0.840640
304 1 0.815333
305 0 -0.850008
305 1 1.000000
306 0 -0.714114
306 1 -0.021899
307 0 -0.681242
307 1 -0.527771
308 0 -0.721828
308 1 -0.182723
309 0 -0.631995
309 1 -1.000000
310 0 -0.800717
310 1 0.516866
311 0 -0.841314
311 1 0.860578
312 0 -0.723576
312 1 -0.135319
313 0 -0.727181
313 1 -0.088459
314 0 -0.681234
314 1 -0.481791
315 0 -0.630282
315 1 -0.921658
316 0 -0.746440
316 1 0.062805
317 0 -0.754051
317 1 0.182828
318 0 -0.760110
318 1 0.222640
319 0 -0.800712
319 1 0.562873
320 0 -0.681226
320 1 -0.435809
321 0 -0.639685
321 1 -0.775137
322 0 -0.634716
322 1 -0.814714
323 0 -0.844462
323 1 0.905758
324 0 -0.760778
324 1 0.265225
325 0 -0.800707
325 1 0.608880
326 0 -0.640857
326 1 -0.732316
327 0 -0.681219
327 1 -0.389831
328 0 -0.740232
328 1 0.142998
329 0 -0.760846
329 1 0.310162
330 0 -0.800701
330 1 0.654886
331 0 -0.622664
331 1 -0.849950
332 0 -0.641261
332 1 -0.687986
333 0 -0.681211
333 1 -0.343867
334 0 -0.817859
334 1 0.969593
335 0 -0.760856
335 1 0.355904
336 0 -0.800696
336 1 0.700875
337 0 -0.608546
337 1 -0.960513
338 0 -0.641364
338 1 -0.642572
339 0 -0.681213
339 1 -0.297942
340 0 -0.803949
340 1 1.000000
341 0 -0.760853
341 1 0.401858
342 0 -0.723904
342 1 0.021899
343 0 -0.800692
343 1 0.746782
344 0 -0.641376
344 1 -0.596723
345 0 -0.681275
345 1 -0.251996
346 0 -0.721642
346 1 0.102274
347 0 -0.687024
347 1 -0.061486
348 0 -0.760848
348 1 0.447855
349 0 -0.605068
349 1 -0.884625
350 0 -0.800740
350 1 0.792468
351 0 -0.641370
351 1 -0.550765
352 0 -0.681564
352 1 -0.205634
353 0 -0.760842
353 1 0.493859
354 0 -0.801175
354 1 0.837959
355 0 -0.682359
355 1 -0.158347
356 0 -0.641361
356 1 -0.504788
357 0 -0.809190
357 1 0.930855
358 0 -0.668052
358 1 -0.021899
359 0 -0.760836
359 1 0.539865
360 0 -0.803208
360 1 0.883974
361 0 -0.683927
361 1 -0.110607
362 0 -0.725935
362 1 0.208620
363 0 -0.585949
363 1 -1.000000
364 0 -0.641352
364 1 -0.458807
365 0 -0.721839
365 1 0.244195
366 0 -0.760830
366 1 0.585872
367 0 -0.711179
367 1 0.177816
368 0 -0.597776
368 1 -0.791301
369 0 -0.584658
369 1 -0.921712
370 0 -0.700305
370 1 0.061900
371 0 -0.599864
371 1 -0.751840
372 0 -0.641343
372 1 -0.412827
373 0 -0.598048
373 1 -0.823258
374 0 -0.721057
374 1 0.287826
375 0 -0.760824
375 1 0.631878
376 0 -0.601027
376 1 -0.709536
377 0 -0.641334
377 1 -0.366856
378 0 -0.720974
378 1 0.333079
379 0 -0.760818
379 1 0.677875
380 0 -0.694960
380 1 0.139722
381 0 -0.601408
381 1 -0.665140
382 0 -0.641331
382 1 -0.320906
383 0 -0.579730
383 1 -0.849942
384 0 -0.720972
384 1 0.378886
385 0 -0.760812
385 1 0.723816
386 0 -0.772438
386 1 0.959978
387 0 -0.601486
387 1 -0.619631
388 0 -0.641359
388 1 -0.274931
389 0 -0.562608
389 1 -0.960485
390 0 -0.720968
390 1 0.424852
391 0 -0.760833
391 1 0.769605
392 0 -0.757881
392 1 1.000000
393 0 -0.601489
393 1 -0.573749
394 0 -0.641511
394 1 -0.228640
395 0 -0.677853
395 1 0.021899
396 0 -0.720962
396 1 0.470852
397 0 -0.761053
397 1 0.815280
398 0 -0.643706
398 1 -0.051248
399 0 -0.601481
399 1 -0.527784
400 0 -0.641916
400 1 -0.181623
401 0 -0.675801
401 1 0.100847
402 0 -0.560170
402 1 -0.884310
403 0 -0.720955
403 1 0.516857
404 0 -0.762120
404 1 0.861579
405 0 -0.642536
405 1 -0.134352
406 0 -0.601471
406 1 -0.481805
407 0 -0.765390
407 1 0.909575
408 0 -0.720948
408 1 0.562863
409 0 -0.682925
409 1 0.217868
410 0 -0.643016
410 1 -0.088339
411 0 -0.601462
411 1 -0.435825
412 0 -0.621979
412 1 -0.021899
413 0 -0.558232
413 1 -0.770241
414 0 -0.681138
414 1 0.265720
415 0 -0.556510
415 1 -0.812577
416 0 -0.720941
416 1 0.608870
417 0 -0.539893
417 1 -1.000000
418 0 -0.560351
418 1 -0.729621
419 0 -0.666454
419 1 0.175604
420 0 -0.601452
420 1 -0.389849
421 0 -0.681022
421 1 0.310606
422 0 -0.538982
422 1 -0.921487
423 0 -0.654304
423 1 0.061521
424 0 -0.720933
424 1 0.654871
425 0 -0.561308
425 1 -0.686967
426 0 -0.601444
426 1 -0.343885
427 0 -0.681067
427 1 0.356026
428 0 -0.720926
428 1 0.700837
429 0 -0.561559
429 1 -0.642308
430 0 -0.601456
430 1 -0.297898
431 0 -0.649805
431 1 0.138041
432 0 -0.681078
432 1 0.401871
433 0 -0.720931
433 1 0.746703
434 0 -0.535833
434 1 -0.848780
435 0 -0.561598
435 1 -0.596685
436 0 -0.730390
436 1 0.971254
437 0 -0.601540
437 1 -0.251677
438 0 -0.681074
438 1 0.447847
439 0 -0.721028
439 1 0.792485
440 0 -0.516643
440 1 -0.960404
441 0 -0.561594
441 1 -0.550773
442 0 -0.601792
442 1 -0.204870
443 0 -0.681067
443 1 0.493849
444 0 -0.711802
444 1 1.000000
445 0 -0.721518
445 1 0.838694
446 0 -0.631791
446 1 0.021899
447 0 -0.602242
447 1 -0.157741
448 0 -0.561584
448 1 -0.504803
449 0 -0.600250
449 1 -0.064030
450 0 -0.723014
450 1 0.886121
451 0 -0.681059
451 1 0.539854
452 0 -0.630108
452 1 0.100300
453 0 -0.726170
453 1 0.933485
454 0 -0.515006
454 1 -0.883545
455 0 -0.602734
455 1 -0.111710
456 0 -0.561574
456 1 -0.458823
457 0 -0.681051
457 1 0.585861
458 0 -0.639512
458 1 0.246495
459 0 -0.634566
459 1 0.207072
460 0 -0.561563
460 1 -0.412845
461 0 -0.519156
461 1 -0.747645
462 0 -0.515566
462 1 -0.786507
463 0 -0.640667
463 1 0.289236
464 0 -0.681043
464 1 0.631864
465 0 -0.575898
465 1 -0.021899
466 0 -0.521067
466 1 -0.707379
467 0 -0.561553
467 1 -0.366874
468 0 -0.493828
468 1 -1.000000
469 0 -0.622520
469 1 0.171978
470 0 -0.641065
470 1 0.333554
471 0 -0.681034
471 1 0.677847
472 0 -0.513326
472 1 -0.819589
473 0 -0.521583
473 1 -0.664402
474 0 -0.561554
474 1 -0.320884
475 0 -0.493203
475 1 -0.921168
476 0 -0.608341
476 1 0.061417
477 0 -0.641166
477 1 0.378985
478 0 -0.681032
478 1 0.723766
479 0 -0.521689
479 1 -0.619458
480 0 -0.561599
480 1 -0.274726
481 0 -0.641178
481 1 0.424858
482 0 -0.681072
482 1 0.769626
483 0 -0.521699
483 1 -0.573731
484 0 -0.561755
484 1 -0.228108
485 0 -0.604900
485 1 0.137354
486 0 -0.491395
486 1 -0.846812
487 0 -0.685648
487 1 0.960060
488 0 -0.641172
488 1 0.470841
489 0 -0.681294
489 1 0.815755
490 0 -0.521691
490 1 -0.527797
491 0 -0.562092
491 1 -0.181058
492 0 -0.681935
492 1 0.862767
493 0 -0.641163
493 1 0.516845
494 0 -0.470642
494 1 -0.960315
495 0 -0.562988
495 1 -0.134521
496 0 -0.521679
496 1 -0.481822
497 0 -0.665713
497 1 1.000000
498 0 -0.683206
498 1 0.910529
499 0 -0.585720
499 1 0.021899
500 0 -0.641154
500 1 0.562850
501 0 -0.549680
501 1 -0.061552
502 0 -0.521667
502 1 -0.435844
503 0 -0.597600
503 1 0.230441
504 0 -0.584454
504 1 0.100252
505 0 -0.469487
505 1 -0.882607
506 0 -0.599663
506 1 0.269764
507 0 -0.641145
507 1 0.608855
508 0 -0.567224
508 1 -0.095050
509 0 -0.477784
509 1 -0.762959
510 0 -0.597891
510 1 0.198624
511 0 -0.521656
511 1 -0.389868
512 0 -0.481529
512 1 -0.725560
513 0 -0.470509
513 1 -0.805390
514 0 -0.600813
514 1 0.312013
515 0 -0.641136
515 1 0.654848
516 0 -0.481748
516 1 -0.685433
517 0 -0.521651
517 1 -0.343879
518 0 -0.601190
518 1 0.356408
519 0 -0.529806
519 1 -0.021899
520 0 -0.641130
520 1 0.700802
521 0 -0.579563
521 1 0.172029
522 0 -0.447753
522 1 -1.000000
523 0 -0.481778
523 1 -0.641826
524 0 -0.521672
524 1 -0.297774
525 0 -0.601266
525 1 0.401939
526 0 -0.641145
526 1 0.746717
527 0 -0.447311
527 1 -0.920873
528 0 -0.562375
528 1 0.061445
529 0 -0.481793
529 1 -0.596581
530 0 -0.521761
530 1 -0.251337
531 0 -0.601270
531 1 0.447845
532 0 -0.641253
532 1 0.792804
533 0 -0.481789
533 1 -0.550770
534 0 -0.521932
534 1 -0.204548
535 0 -0.601261
535 1 0.493836
536 0 -0.642119
536 1 0.970050
537 0 -0.641552
537 1 0.839467
538 0 -0.559972
538 1 0.137682
539 0 -0.445489
539 1 -0.844315
540 0 -0.481778
540 1 -0.504819
541 0 -0.522140
541 1 -0.157545
542 0 -0.641968
542 1 0.886457
543 0 -0.601252
543 1 0.539840
544 0 -0.481766
544 1 -0.458843
545 0 -0.522726
545 1 -0.106495
546 0 -0.424609
546 1 -0.960242
547 0 -0.642048
547 1 0.932552
548 0 -0.601242
548 1 0.585845
549 0 -0.619615
549 1 1.000000
550 0 -0.558026
550 1 0.251461
551 0 -0.556328
551 1 0.209311
552 0 -0.481753
552 1 -0.412866
553 0 -0.539639
553 1 0.021899
554 0 -0.502876
554 1 -0.061626
555 0 -0.447591
555 1 -0.739759
556 0 -0.560123
556 1 0.291962
557 0 -0.601232
557 1 0.631844
558 0 -0.442870
558 1 -0.705738
559 0 -0.538749
559 1 0.100476
560 0 -0.481744
560 1 -0.366879
561 0 -0.423628
561 1 -0.881930
562 0 -0.434303
562 1 -0.770305
563 0 -0.561070
563 1 0.334582
564 0 -0.601223
564 1 0.677818
565 0 -0.441961
565 1 -0.663579
566 0 -0.481750
566 1 -0.320813
567 0 -0.561318
567 1 0.379250
568 0 -0.601226
568 1 0.723769
569 0 -0.441878
569 1 -0.619160
570 0 -0.481800
570 1 -0.274514
571 0 -0.483704
571 1 -0.021899
572 0 -0.535637
572 1 0.173214
573 0 -0.418720
573 1 -0.807409
574 0 -0.561356
574 1 0.424897
575 0 -0.401668
575 1 -1.000000
576 0 -0.601282
576 1 0.769833
577 0 -0.441878
577 1 -0.573672
578 0 -0.481903
578 1 -0.228026
579 0 -0.401342
579 1 -0.920662
580 0 -0.516388
580 1 0.061523
581 0 -0.561353
581 1 0.470833
582 0 -0.601456
582 1 0.816312
583 0 -0.441870
583 1 -0.527804
584 0 -0.481953
584 1 -0.182136
585 0 -0.561343
585 1 0.516829
586 0 -0.601745
586 1 0.863058
587 0 -0.441858
587 1 -0.481842
588 0 -0.598766
588 1 0.957036
589 0 -0.481315
589 1 -0.138293
590 0 -0.514778
590 1 0.138449
591 0 -0.399097
591 1 -0.843999
592 0 -0.601924
592 1 0.908944
593 0 -0.561332
593 1 0.562834
594 0 -0.441844
594 1 -0.435865
595 0 -0.561321
595 1 0.608836
596 0 -0.518919
596 1 0.274011
597 0 -0.515352
597 1 0.235317
598 0 -0.378552
598 1 -0.960187
599 0 -0.441832
599 1 -0.389880
600 0 -0.404207
600 1 -0.731905
601 0 -0.520812
601 1 0.314190
602 0 -0.573507
602 1 1.000000
603 0 -0.561310
603 1 0.654823
604 0 -0.473243
604 1 -0.098032
605 0 -0.493548
605 1 0.021899
606 0 -0.456656
606 1 -0.059890
607 0 -0.402043
607 1 -0.685127
608 0 -0.441829
608 1 -0.343842
609 0 -0.513124
609 1 0.202371
610 0 -0.521322
610 1 0.357152
611 0 -0.389431
611 1 -0.773321
612 0 -0.561306
612 1 0.700795
613 0 -0.377749
613 1 -0.881560
614 0 -0.492956
614 1 0.100786
615 0 -0.401910
615 1 -0.641228
616 0 -0.441854
616 1 -0.297636
617 0 -0.521425
617 1 0.402113
618 0 -0.561333
618 1 0.746840
619 0 -0.401947
619 1 -0.596372
620 0 -0.441917
620 1 -0.251278
621 0 -0.521435
621 1 0.447863
622 0 -0.561435
622 1 0.793180
623 0 -0.491167
623 1 0.175188
624 0 -0.437593
624 1 -0.021899
625 0 -0.373832
625 1 -0.808289
626 0 -0.401953
626 1 -0.550739
627 0 -0.441986
627 1 -0.205429
628 0 -0.355573
628 1 -1.000000
629 0 -0.521427
629 1 0.493823
630 0 -0.561645
630 1 0.839831
631 0 -0.401943
631 1 -0.504834
632 0 -0.442316
632 1 -0.161578
633 0 -0.355345
633 1 -0.920509
634 0 -0.470414
634 1 0.061594
635 0 -0.562283
635 1 0.886077
636 0 -0.521415
636 1 0.539822
637 0 -0.401929
637 1 -0.458865
638 0 -0.521403
638 1 0.585825
639 0 -0.445464
639 1 -0.125931
640 0 -0.547995
640 1 0.959574
641 0 -0.469240
641 1 0.139371
642 0 -0.353741
642 1 -0.843395
643 0 -0.401915
643 1 -0.412883
644 0 -0.566134
644 1 0.925606
645 0 -0.477537
645 1 0.258797
646 0 -0.521392
646 1 0.631820
647 0 -0.481263
647 1 0.296057
648 0 -0.470269
648 1 0.216541
649 0 -0.401906
649 1 -0.366862
650 0 -0.360396
650 1 -0.704218
651 0 -0.355276
651 1 -0.744988
652 0 -0.481468
652 1 0.336130
653 0 -0.521383
653 1 0.677805
654 0 -0.332476
654 1 -0.960145
655 0 -0.361707
655 1 -0.662108
656 0 -0.401915
656 1 -0.320720
657 0 -0.527390
657 1 1.000000
658 0 -0.428821
658 1 -0.095898
659 0 -0.447448
659 1 0.021899
660 0 -0.481494
660 1 0.379736
661 0 -0.410966
661 1 -0.058930
662 0 -0.521392
662 1 0.723833
663 0 -0.351429
663 1 -0.778770
664 0 -0.361972
664 1 -0.618567
665 0 -0.401942
665 1 -0.274451
666 0 -0.331929
666 1 -0.881189
667 0 -0.447143
667 1 0.101031
668 0 -0.481508
668 1 0.425001
669 0 -0.521445
669 1 0.770050
670 0 -0.362021
670 1 -0.573523
671 0 -0.401902
671 1 -0.228554
672 0 -0.481504
672 1 0.470836
673 0 -0.521525
673 1 0.816459
674 0 -0.362020
674 1 -0.527793
675 0 -0.401555
675 1 -0.183717
676 0 -0.445208
676 1 0.177661
677 0 -0.330224
677 1 -0.806201
678 0 -0.391471
678 1 -0.021899
679 0 -0.481492
679 1 0.516812
680 0 -0.521522
680 1 0.863086
681 0 -0.309469
681 1 -1.000000
682 0 -0.362006
682 1 -0.481862
683 0 -0.401265
683 1 -0.136296
684 0 -0.481480
684 1 0.562813
685 0 -0.521627
685 1 0.914127
686 0 -0.309320
686 1 -0.920382
687 0 -0.424730
687 1 0.061532
688 0 -0.361991
688 1 -0.435885
689 0 -0.481467
689 1 0.608812
690 0 -0.447318
690 1 0.281934
691 0 -0.361979
691 1 -0.389874
692 0 -0.501072
692 1 0.959546
693 0 -0.442578
693 1 0.315868
694 0 -0.481456
694 1 0.654805
695 0 -0.423406
695 1 0.139952
696 0 -0.308302
696 1 -0.842406
697 0 -0.317942
697 1 -0.719576
698 0 -0.434030
698 1 0.251538
699 0 -0.361979
699 1 -0.343762
700 0 -0.321968
700 1 -0.680767
701 0 -0.309910
701 1 -0.763681
702 0 -0.441658
702 1 0.357987
703 0 -0.481455
703 1 0.700823
704 0 -0.322112
704 1 -0.639830
705 0 -0.361997
705 1 -0.297539
706 0 -0.286384
706 1 -0.960113
707 0 -0.441571
707 1 0.402412
708 0 -0.481480
708 1 0.746958
709 0 -0.481262
709 1 1.000000
710 0 -0.418376
710 1 0.214537
711 0 -0.322090
711 1 -0.595948
712 0 -0.381958
712 1 -0.094106
713 0 -0.361935
713 1 -0.251660
714 0 -0.401337
714 1 0.021899
715 0 -0.365589
715 1 -0.056686
716 0 -0.441571
716 1 0.447922
717 0 -0.481524
717 1 0.793119
718 0 -0.322087
718 1 -0.550650
719 0 -0.286018
719 1 -0.880854
720 0 -0.401659
720 1 0.100941
721 0 -0.361403
721 1 -0.207341
722 0 -0.441562
722 1 0.493815
723 0 -0.481456
723 1 0.838587
724 0 -0.322077
724 1 -0.504837
725 0 -0.358803
725 1 -0.165413
726 0 -0.441550
726 1 0.539802
727 0 -0.480547
727 1 0.882154
728 0 -0.398581
728 1 0.177807
729 0 -0.284542
729 1 -0.803577
730 0 -0.322062
730 1 -0.458885
731 0 -0.345340
731 1 -0.021899
732 0 -0.441536
732 1 0.585802
733 0 -0.263354
733 1 -1.000000
734 0 -0.322047
734 1 -0.412880
735 0 -0.346185
735 1 -0.124988
736 0 -0.263259
736 1 -0.920284
737 0 -0.380838
737 1 0.060713
738 0 -0.441523
738 1 0.631799
739 0 -0.403910
739 1 0.289829
740 0 -0.322040
740 1 -0.366760
741 0 -0.472002
741 1 0.922588
742 0 -0.287845
742 1 -0.695413
743 0 -0.401728
743 1 0.336474
744 0 -0.441515
744 1 0.677812
745 0 -0.454814
745 1 0.961293
746 0 -0.283222
746 1 -0.660523
747 0 -0.389063
747 1 0.248591
748 0 -0.322059
748 1 -0.320444
749 0 -0.274261
749 1 -0.727161
750 0 -0.262436
750 1 -0.841685
751 0 -0.377637
751 1 0.139821
752 0 -0.401584
752 1 0.380343
753 0 -0.441523
753 1 0.723905
754 0 -0.282276
754 1 -0.617858
755 0 -0.322105
755 1 -0.274367
756 0 -0.401618
756 1 0.425212
757 0 -0.441543
757 1 0.770020
758 0 -0.240276
758 1 -0.960088
759 0 -0.282152
759 1 -0.573268
760 0 -0.321748
760 1 -0.229813
761 0 -0.373006
761 1 0.213538
762 0 -0.332811
762 1 -0.085624
763 0 -0.401623
763 1 0.470867
764 0 -0.258203
764 1 -0.765629
765 0 -0.435125
765 1 1.000000
766 0 -0.441564
766 1 0.815534
767 0 -0.367291
767 1 0.021899
768 0 -0.327306
768 1 -0.051695
769 0 -0.282139
769 1 -0.527746
770 0 -0.320708
770 1 -0.188168
771 0 -0.401613
771 1 0.516798
772 0 -0.441942
772 1 0.859013
773 0 -0.240019
773 1 -0.880613
774 0 -0.356839
774 1 0.099953
775 0 -0.282126
775 1 -0.481873
776 0 -0.317740
776 1 -0.151797
777 0 -0.401598
777 1 0.562790
778 0 -0.282109
778 1 -0.435885
779 0 -0.444850
779 1 0.894480
780 0 -0.351865
780 1 0.177470
781 0 -0.238170
781 1 -0.803141
782 0 -0.401584
782 1 0.608789
783 0 -0.299200
783 1 -0.021899
784 0 -0.334837
784 1 0.056016
785 0 -0.333245
785 1 0.021899
786 0 -0.282094
786 1 -0.389746
787 0 -0.217230
787 1 -1.000000
788 0 -0.401572
788 1 0.654799
789 0 -0.360091
789 1 0.317455
790 0 -0.354975
790 1 0.276925
791 0 -0.278490
791 1 -0.111519
792 0 -0.282095
792 1 -0.343184
793 0 -0.217171
793 1 -0.920211
794 0 -0.244822
794 1 -0.687216
795 0 -0.361369
795 1 0.359475
796 0 -0.401568
796 1 0.700865
797 0 -0.242567
797 1 -0.639678
798 0 -0.282205
798 1 -0.296204
799 0 -0.428064
799 1 0.924623
800 0 -0.350766
800 1 0.243229
801 0 -0.409420
801 1 0.961884
802 0 -0.361624
802 1 0.403008
803 0 -0.229730
803 1 -0.729775
804 0 -0.401555
804 1 0.746973
805 0 -0.216542
805 1 -0.841225
806 0 -0.332905
806 1 0.138385
807 0 -0.242208
807 1 -0.595459
808 0 -0.282690
808 1 -0.251036
809 0 -0.361669
809 1 0.448072
810 0 -0.401456
810 1 0.792738
811 0 -0.292330
811 1 -0.067509
812 0 -0.242185
812 1 -0.550475
813 0 -0.280935
813 1 -0.209049
814 0 -0.361668
814 1 0.493827
815 0 -0.194154
815 1 -0.960069
816 0 -0.401368
816 1 0.837643
817 0 -0.281432
817 1 -0.167419
818 0 -0.327580
818 1 0.215430
819 0 -0.213557
819 1 -0.765901
820 0 -0.242180
820 1 -0.504815
821 0 -0.388978
821 1 1.000000
822 0 -0.361654
822 1 0.539782
823 0 -0.402667
823 1 0.884452
824 0 -0.242165
824 1 -0.458888
825 0 -0.193993
825 1 -0.880424
826 0 -0.315619
826 1 0.099694
827 0 -0.361639
827 1 0.585777
828 0 -0.242144
828 1 -0.412776
829 0 -0.299200
829 1 0.021899
830 0 -0.361625
830 1 0.631784
831 0 -0.242092
831 1 -0.366057
832 0 -0.298739
832 1 0.174316
833 0 -0.192950
833 1 -0.802066
834 0 -0.317777
834 1 0.302148
835 0 -0.361614
835 1 0.677830
836 0 -0.321662
836 1 0.340819
837 0 -0.171096
837 1 -1.000000
838 0 -0.309753
838 1 0.258845
839 0 -0.242066
839 1 -0.317719
840 0 -0.258112
840 1 -0.152906
841 0 -0.202355
841 1 -0.658936
842 0 -0.197662
842 1 -0.699225
843 0 -0.321758
843 1 0.381730
844 0 -0.361586
844 1 0.723920
845 0 -0.171063
845 1 -0.920153
846 0 -0.202216
846 1 -0.616726
847 0 -0.242476
847 1 -0.268060
848 0 -0.321720
848 1 0.425632
849 0 -0.361410
849 1 0.769795
850 0 -0.293231
850 1 0.063253
851 0 -0.383964
851 1 0.924958
852 0 -0.192452
852 1 -0.733792
853 0 -0.202198
853 1 -0.572784
854 0 -0.247260
854 1 -0.228626
855 0 -0.364015
855 1 0.962026
856 0 -0.321714
856 1 0.470956
857 0 -0.170731
857 1 -0.840698
858 0 -0.297815
858 1 0.133095
859 0 -0.360817
859 1 0.814843
860 0 -0.202219
860 1 -0.527620
861 0 -0.231605
861 1 -0.190678
862 0 -0.321703
862 1 0.516794
863 0 -0.360000
863 1 0.858618
864 0 -0.202213
864 1 -0.481862
865 0 -0.148020
865 1 -0.960053
866 0 -0.281638
866 1 0.103384
867 0 -0.279300
867 1 0.221495
868 0 -0.170639
868 1 -0.762149
869 0 -0.321688
869 1 0.562766
870 0 -0.342821
870 1 1.000000
871 0 -0.202191
871 1 -0.435845
872 0 -0.321672
872 1 0.608769
873 0 -0.147938
873 1 -0.880265
874 0 -0.202098
874 1 -0.389309
875 0 -0.360201
875 1 0.894885
876 0 -0.321658
876 1 0.654799
877 0 -0.287736
877 1 0.326002
878 0 -0.201537
878 1 -0.340553
879 0 -0.282952
879 1 0.360905
880 0 -0.321629
880 1 0.700866
881 0 -0.167032
881 1 -0.674418
882 0 -0.274928
882 1 0.293939
883 0 -0.147661
883 1 -0.800500
884 0 -0.262434
884 1 0.145353
885 0 -0.237034
885 1 0.183889
886 0 -0.201353
886 1 -0.286772
887 0 -0.162699
887 1 -0.637526
888 0 -0.153309
888 1 -0.714600
889 0 -0.281909
889 1 0.403675
890 0 -0.124953
890 1 -1.000000
891 0 -0.321466
891 1 0.746800
892 0 -0.162186
892 1 -0.594480
893 0 -0.199624
893 1 -0.223943
894 0 -0.124937
894 1 -0.920109
895 0 -0.281761
895 1 0.448319
896 0 -0.320776
896 1 0.792152
897 0 -0.162224
897 1 -0.550108
898 0 -0.265259
898 1 0.259044
899 0 -0.339560
899 1 0.925182
900 0 -0.281743
900 1 0.493872
901 0 -0.319141
901 1 0.836974
902 0 -0.318424
902 1 0.962185
903 0 -0.162248
903 1 -0.504735
904 0 -0.124795
904 1 -0.840283
905 0 -0.281729
905 1 0.539767
906 0 -0.162234
906 1 -0.458886
907 0 -0.317210
907 1 0.884545
908 0 -0.281713
908 1 0.585754
909 0 -0.236363
909 1 0.237221
910 0 -0.101875
910 1 -0.960040
911 0 -0.162156
911 1 -0.412714
912 0 -0.125239
912 1 -0.758217
913 0 -0.296654
913 1 1.000000
914 0 -0.281697
914 1 0.631772
915 0 -0.161496
915 1 -0.365304
916 0 -0.281672
916 1 0.677818
917 0 -0.101836
917 1 -0.880163
918 0 -0.245078
918 1 0.333400
919 0 -0.156572
919 1 -0.311094
920 0 -0.122266
920 1 -0.665952
921 0 -0.242312
921 1 0.381599
922 0 -0.281552
922 1 0.723764
923 0 -0.121891
923 1 -0.616106
924 0 -0.162911
924 1 -0.251912
925 0 -0.228224
925 1 0.285100
926 0 -0.101672
926 1 -0.799758
927 0 -0.241818
927 1 0.426067
928 0 -0.280986
928 1 0.769231
929 0 -0.206016
929 1 0.218077
930 0 -0.122131
930 1 -0.572019
931 0 -0.078799
931 1 -1.000000
932 0 -0.241771
932 1 0.471123
933 0 -0.279352
933 1 0.813990
934 0 -0.100542
934 1 -0.714704
935 0 -0.122250
935 1 -0.527350
936 0 -0.078794
936 1 -0.920078
937 0 -0.241762
937 1 0.516813
938 0 -0.294745
938 1 0.925404
939 0 -0.122265
939 1 -0.481824
940 0 -0.272438
940 1 0.962417
941 0 -0.241747
941 1 0.562747
942 0 -0.276816
942 1 0.858013
943 0 -0.078699
943 1 -0.840135
944 0 -0.122217
944 1 -0.435926
945 0 -0.202899
945 1 0.256057
946 0 -0.241730
946 1 0.608750
947 0 -0.121952
947 1 -0.389870
948 0 -0.055718
948 1 -0.960029
949 0 -0.241708
949 1 0.654778
950 0 -0.078014
950 1 -0.758544
951 0 -0.120372
951 1 -0.344112
952 0 -0.250478
952 1 1.000000
953 0 -0.241627
953 1 0.700728
954 0 -0.202479
954 1 0.361388
955 0 -0.202183
955 1 0.322905
956 0 -0.170113
956 1 0.247106
957 0 -0.122337
957 1 -0.273922
958 0 -0.113826
958 1 -0.307172
959 0 -0.274004
959 1 0.894869
960 0 -0.080519
960 1 -0.634572
961 0 -0.055698
961 1 -0.880113
962 0 -0.201880
962 1 0.404572
963 0 -0.241221
963 1 0.746282
964 0 -0.081848
964 1 -0.592665
965 0 -0.071184
965 1 -0.676040
966 0 -0.201781
966 1 0.448758
967 0 -0.239853
967 1 0.791336
968 0 -0.082199
968 1 -0.549368
969 0 -0.055394
969 1 -0.799922
970 0 -0.174673
970 1 0.291282
971 0 -0.201783
971 1 0.493988
972 0 -0.032636
972 1 -1.000000
973 0 -0.237349
973 1 0.836908
974 0 -0.082277
974 1 -0.504545
975 0 -0.201774
975 1 0.539770
976 0 -0.032636
976 1 -0.920055
977 0 -0.052685
977 1 -0.718028
978 0 -0.082254
978 1 -0.458921
979 0 -0.249224
979 1 0.925027
980 0 -0.201757
980 1 0.585733
981 0 -0.082092
981 1 -0.413138
982 0 -0.225699
982 1 0.962740
983 0 -0.236931
983 1 0.883100
984 0 -0.032547
984 1 -0.840136
985 0 -0.201737
985 1 0.631746
986 0 -0.081389
986 1 -0.367828
987 0 -0.201683
987 1 0.677697
988 0 -0.130174
988 1 0.270286
989 0 -0.078997
989 1 -0.324721
990 0 -0.009551
990 1 -0.960019
991 0 -0.164775
991 1 0.339765
992 0 -0.031500
992 1 -0.759710
993 0 -0.201417
993 1 0.723281
994 0 -0.162352
994 1 0.383337
995 0 -0.078859
995 1 -0.289449
996 0 -0.204291
996 1 1.000000
997 0 -0.044242
997 1 -0.647169
998 0 -0.042140
998 1 -0.611932
999 0 -0.161826
999 1 0.426878
1000 0 -0.200377
1000 1 0.768300
1001 0 -0.009540
1001 1 -0.880084
1002 0 -0.042253
1002 1 -0.570401
1003 0 -0.161788
1003 1 0.471429
1004 0 -0.026350
1004 1 -0.679387
1005 0 -0.197793
1005 1 0.814130
1006 0 -0.042291
1006 1 -0.526816
1007 0 -0.161790
1007 1 0.516878
1008 0 -0.009207
1008 1 -0.800178
1009 0 -0.127106
1009 1 0.314105
1010 0 -0.042280
1010 1 -0.481741
1011 0 -0.194607
1011 1 0.863901
1012 0 -0.161777
1012 1 0.562738
1013 0 0.013537
1013 1 -1.000000
1014 0 -0.042180
1014 1 -0.436141
1015 0 0.013534
1015 1 -0.920034
1016 0 -0.161758
1016 1 0.608721
1017 0 -0.006574
1017 1 -0.719916
1018 0 -0.196087
1018 1 0.921113
1019 0 -0.041817
1019 1 -0.390795
1020 0 -0.161720
1020 1 0.654676
1021 0 -0.184256
1021 1 0.967184
1022 0 -0.040547
1022 1 -0.346509
1023 0 0.013608
1023 1 -0.840136
1024 0 -0.161559
1024 1 0.700289
1025 0 -0.087140
1025 1 0.287065
1026 0 -0.123196
1026 1 0.359984
1027 0 -0.033505
1027 1 -0.298123
1028 0 -0.121872
1028 1 0.404719
1029 0 -0.160871
1029 1 0.745118
1030 0 -0.002200
1030 1 -0.636379
1031 0 0.036627
1031 1 -0.960010
1032 0 0.014624
1032 1 -0.760389
1033 0 -0.003122
1033 1 -0.590724
1034 0 -0.158095
1034 1 1.000000
1035 0 -0.121760
1035 1 0.449131
1036 0 -0.158777
1036 1 0.789873
1037 0 -0.002488
1037 1 -0.548442
1038 0 -0.121786
1038 1 0.494156
1039 0 0.036630
1039 1 -0.880055
1040 0 -0.002313
1040 1 -0.504260
1041 0 0.019362
1041 1 -0.680022
1042 0 -0.121787
1042 1 0.539797
1043 0 -0.154586
1043 1 0.837746
1044 0 -0.082558
1044 1 0.331926
1045 0 -0.002226
1045 1 -0.459034
1046 0 0.036920
1046 1 -0.800278
1047 0 -0.121771
1047 1 0.585712
1048 0 -0.002011
1048 1 -0.413704
1049 0 0.059720
1049 1 -1.000000
1050 0 -0.121742
1050 1 0.631664
1051 0 -0.001901
1051 1 -0.369020
1052 0 0.059715
1052 1 -0.920015
1053 0 0.039389
1053 1 -0.720931
1054 0 -0.121645
1054 1 0.677340
1055 0 -0.149015
1055 1 0.891291
1056 0 -0.140399
1056 1 0.950684
1057 0 -0.121229
1057 1 0.722137
1058 0 -0.080727
1058 1 0.380022
1059 0 -0.042031
1059 1 0.297041
1060 0 0.059767
1060 1 -0.840107
1061 0 -0.004677
1061 1 -0.330917
1062 0 0.031541
1062 1 -0.606945
1063 0 -0.081489
1063 1 0.426513
1064 0 -0.119817
1064 1 0.765923
1065 0 0.036583
1065 1 -0.569940
1066 0 0.047494
1066 1 -0.641111
1067 0 -0.081725
1067 1 0.471599
1068 0 0.082814
1068 1 -0.960001
1069 0 0.060656
1069 1 -0.760677
1070 0 0.037593
1070 1 -0.526421
1071 0 -0.116393
1071 1 0.810843
1072 0 -0.111889
1072 1 1.000000
1073 0 -0.081778
1073 1 0.516968
1074 0 0.037755
1074 1 -0.481730
1075 0 0.082810
1075 1 -0.880024
1076 0 -0.081775
1076 1 0.562740
1077 0 0.065686
1077 1 -0.682071
1078 0 0.037984
1078 1 -0.436712
1079 0 0.012652
1079 1 -0.299733
1080 0 -0.032748
1080 1 0.349354
1081 0 -0.110369
1081 1 0.859821
1082 0 -0.081753
1082 1 0.608662
1083 0 0.038643
1083 1 -0.391470
1084 0 0.083037
1084 1 -0.800269
1085 0 -0.081691
1085 1 0.654410
1086 0 0.105912
1086 1 -1.000000
1087 0 0.039100
1087 1 -0.341207
1088 0 -0.081445
1088 1 0.699354
1089 0 0.105906
1089 1 -0.919996
1090 0 0.085273
1090 1 -0.721651
1091 0 -0.080564
1091 1 0.742803
1092 0 -0.040565
1092 1 0.402999
1093 0 -0.101277
1093 1 0.911075
1094 0 -0.085992
1094 1 0.958369
1095 0 0.076250
1095 1 -0.598301
1096 0 0.004084
1096 1 0.299972
1097 0 0.105937
1097 1 -0.840062
1098 0 -0.041549
1098 1 0.448974
1099 0 -0.078193
1099 1 0.785601
1100 0 0.077775
1100 1 -0.548838
1101 0 -0.041729
1101 1 0.494282
1102 0 0.093869
1102 1 -0.644055
1103 0 0.077828
1103 1 -0.504068
1104 0 0.129011
1104 1 -0.959992
1105 0 0.106660
1105 1 -0.760741
1106 0 -0.041764
1106 1 0.539847
1107 0 -0.073461
1107 1 0.830552
1108 0 -0.065674
1108 1 1.000000
1109 0 0.077904
1109 1 -0.459571
1110 0 -0.041753
1110 1 0.585680
1111 0 0.058520
1111 1 -0.294237
1112 0 0.129002
1112 1 -0.879993
1113 0 0.078529
1113 1 -0.415734
1114 0 0.111236
1114 1 -0.683749
1115 0 -0.041711
1115 1 0.631477
1116 0 0.081120
1116 1 -0.372223
1117 0 0.019736
1117 1 0.346733
1118 0 -0.066106
1118 1 0.877862
1119 0 -0.041563
1119 1 0.676642
1120 0 0.129165
1120 1 -0.800205
1121 0 0.152115
1121 1 -1.000000
1122 0 -0.041025
1122 1 0.720248
1123 0 -0.003476
1123 1 0.384670
1124 0 0.152108
1124 1 -0.919978
1125 0 0.130997
1125 1 -0.721924
1126 0 -0.001574
1126 1 0.425990
1127 0 -0.039473
1127 1 0.762087
1128 0 0.089700
1128 1 -0.327468
1129 0 0.119858
1129 1 -0.569011
1130 0 0.125542
1130 1 -0.610835
1131 0 -0.001609
1131 1 0.471654
1132 0 -0.040622
1132 1 0.961951
1133 0 -0.056141
1133 1 0.922585
1134 0 0.118377
1134 1 -0.525491
1135 0 -0.036073
1135 1 0.804096
1136 0 0.050112
1136 1 0.295785
1137 0 0.152120
1137 1 -0.840012
1138 0 -0.001716
1138 1 0.517094
1139 0 0.117933
1139 1 -0.481760
1140 0 0.138350
1140 1 -0.648575
1141 0 -0.001738
1141 1 0.562756
1142 0 0.175218
1142 1 -0.959983
1143 0 0.152661
1143 1 -0.760647
1144 0 0.117949
1144 1 -0.438367
1145 0 -0.030380
1145 1 0.848241
1146 0 -0.019448
1146 1 1.000000
1147 0 -0.001714
1147 1 0.608539
1148 0 0.118519
1148 1 -0.397256
1149 0 -0.001621
1149 1 0.653911
1150 0 0.175206
1150 1 -0.879963
1151 0 0.103009
1151 1 -0.281761
1152 0 0.156260
1152 1 -0.684475
1153 0 -0.001292
1153 1 0.697911
1154 0 0.123616
1154 1 -0.357190
1155 0 -0.023176
1155 1 0.892862
1156 0 0.175311
1156 1 -0.800116
1157 0 -0.000297
1157 1 0.739676
1158 0 0.063692
1158 1 0.352016
1159 0 0.039768
1159 1 0.397027
1160 0 0.198327
1160 1 -1.000000
1161 0 0.038910
1161 1 0.448669
1162 0 0.002058
1162 1 0.779981
1163 0 0.162259
1163 1 -0.586377
1164 0 0.198319
1164 1 -0.919960
1165 0 0.159628
1165 1 -0.545389
1166 0 0.176670
1166 1 -0.721755
1167 0 0.038452
1167 1 0.494583
1168 0 0.162666
1168 1 -0.620503
1169 0 0.158305
1169 1 -0.503063
1170 0 0.134041
1170 1 -0.312499
1171 0 -0.019156
1171 1 0.930100
1172 0 0.002759
1172 1 0.960465
1173 0 0.006413
1173 1 0.821162
1174 0 0.038310
1174 1 0.539976
1175 0 0.094959
1175 1 0.284574
1176 0 0.087289
1176 1 0.321846
1177 0 0.198318
1177 1 -0.839962
1178 0 0.157873
1178 1 -0.459929
1179 0 0.038301
1179 1 0.585629
1180 0 0.181406
1180 1 -0.648695
1181 0 0.157044
1181 1 -0.417220
1182 0 0.221435
1182 1 -0.959975
1183 0 0.038358
1183 1 0.631134
1184 0 0.198689
1184 1 -0.760458
1185 0 0.012883
1185 1 0.864725
1186 0 0.026787
1186 1 1.000000
1187 0 0.152610
1187 1 -0.381704
1188 0 0.038562
1188 1 0.675575
1189 0 0.221420
1189 1 -0.879934
1190 0 0.201162
1190 1 -0.683884
1191 0 0.145063
1191 1 -0.262596
1192 0 0.039192
1192 1 0.717783
1193 0 0.165938
1193 1 -0.345221
1194 0 0.020965
1194 1 0.914490
1195 0 0.040778
1195 1 0.757504
1196 0 0.080332
1196 1 0.428105
1197 0 0.221479
1197 1 -0.800021
1198 0 0.201213
1198 1 -0.564318
1199 0 0.078868
1199 1 0.472928
1200 0 0.203769
1200 1 -0.608864
1201 0 0.244549
1201 1 -1.000000
1202 0 0.082361
1202 1 0.388986
1203 0 0.043961
1203 1 0.796398
1204 0 0.198977
1204 1 -0.523139
1205 0 0.078432
1205 1 0.517571
1206 0 0.244541
1206 1 -0.919942
1207 0 0.222382
1207 1 -0.721256
1208 0 0.198215
1208 1 -0.481202
1209 0 0.124565
1209 1 0.315087
1210 0 0.078340
1210 1 0.562834
1211 0 0.177377
1211 1 -0.293703
1212 0 0.197984
1212 1 -0.437387
1213 0 0.049177
1213 1 0.836566
1214 0 0.137560
1214 1 0.266603
1215 0 0.047767
1215 1 0.959105
1216 0 0.244530
1216 1 -0.839915
1217 0 0.078362
1217 1 0.608328
1218 0 0.196020
1218 1 -0.386288
1219 0 0.225057
1219 1 -0.646781
1220 0 0.104857
1220 1 0.357661
1221 0 0.078489
1221 1 0.653145
1222 0 0.267662
1222 1 -0.959966
1223 0 0.244757
1223 1 -0.760231
1224 0 0.056933
1224 1 0.879024
1225 0 0.078884
1225 1 0.696016
1226 0 0.073033
1226 1 1.000000
1227 0 0.079915
1227 1 0.735982
1228 0 0.267645
1228 1 -0.879906
1229 0 0.246180
1229 1 -0.682444
1230 0 0.183682
1230 1 -0.237194
1231 0 0.119136
1231 1 0.452493
1232 0 0.123593
1232 1 0.404032
1233 0 0.082135
1233 1 0.773707
1234 0 0.211053
1234 1 -0.330174
1235 0 0.238951
1235 1 -0.541285
1236 0 0.118589
1236 1 0.495864
1237 0 0.242480
1237 1 -0.580138
1238 0 0.267669
1238 1 -0.799932
1239 0 0.238400
1239 1 -0.501675
1240 0 0.086067
1240 1 0.811380
1241 0 0.070592
1241 1 0.921599
1242 0 0.290781
1242 1 -1.000000
1243 0 0.118420
1243 1 0.540332
1244 0 0.238640
1244 1 -0.460052
1245 0 0.246320
1245 1 -0.614730
1246 0 0.290772
1246 1 -0.919925
1247 0 0.174318
1247 1 0.299548
1248 0 0.268193
1248 1 -0.720624
1249 0 0.118392
1249 1 0.585567
1250 0 0.176899
1250 1 0.242294
1251 0 0.240176
1251 1 -0.415561
1252 0 0.224651
1252 1 -0.267819
1253 0 0.091915
1253 1 0.850842
1254 0 0.118464
1254 1 0.630608
1255 0 0.093372
1255 1 0.960827
1256 0 0.149581
1256 1 0.355289
1257 0 0.290754
1257 1 -0.839871
1258 0 0.268785
1258 1 -0.642994
1259 0 0.118710
1259 1 0.674160
1260 0 0.246145
1260 1 -0.366078
1261 0 0.119337
1261 1 0.714883
1262 0 0.099836
1262 1 0.891786
1263 0 0.313899
1263 1 -0.959958
1264 0 0.290877
1264 1 -0.760021
1265 0 0.119287
1265 1 1.000000
1266 0 0.120678
1266 1 0.752437
1267 0 0.155249
1267 1 0.436150
1268 0 0.217946
1268 1 -0.206154
1269 0 0.158507
1269 1 0.474308
1270 0 0.313881
1270 1 -0.879879
1271 0 0.291553
1271 1 -0.680726
1272 0 0.123421
1272 1 0.788386
1273 0 0.273258
1273 1 -0.556806
1274 0 0.277521
1274 1 -0.521576
1275 0 0.158591
1275 1 0.518237
1276 0 0.286545
1276 1 -0.596060
1277 0 0.256472
1277 1 -0.312789
1278 0 0.174580
1278 1 0.398298
1279 0 0.278381
1279 1 -0.481367
1280 0 0.313881
1280 1 -0.799854
1281 0 0.158468
1281 1 0.562992
1282 0 0.128109
1282 1 0.825514
1283 0 0.108722
1283 1 0.927977
1284 0 0.279930
1284 1 -0.440082
1285 0 0.212040
1285 1 0.212224
1286 0 0.216367
1286 1 0.260918
1287 0 0.337023
1287 1 -1.000000
1288 0 0.158478
1288 1 0.608018
1289 0 0.258685
1289 1 -0.221932
1290 0 0.337014
1290 1 -0.919908
1291 0 0.314171
1291 1 -0.720114
1292 0 0.283819
1292 1 -0.395679
1293 0 0.158627
1293 1 0.652124
1294 0 0.134274
1294 1 0.865801
1295 0 0.197064
1295 1 0.348969
1296 0 0.142309
1296 1 0.956444
1297 0 0.158999
1297 1 0.693836
1298 0 0.336992
1298 1 -0.839831
1299 0 0.314349
1299 1 -0.638858
1300 0 0.268591
1300 1 -0.267094
1301 0 0.159606
1301 1 0.732226
1302 0 0.140492
1302 1 0.908758
1303 0 0.290728
1303 1 -0.346267
1304 0 0.247038
1304 1 -0.170212
1305 0 0.360146
1305 1 -0.959949
1306 0 0.337051
1306 1 -0.759868
1307 0 0.160299
1307 1 0.767344
1308 0 0.200552
1308 1 0.444473
1309 0 0.165552
1309 1 1.000000
1310 0 0.199434
1310 1 0.495926
1311 0 0.316721
1311 1 -0.548337
1312 0 0.163764
1312 1 0.801590
1313 0 0.317112
1313 1 -0.502085
1314 0 0.360127
1314 1 -0.879852
1315 0 0.337548
1315 1 -0.679801
1316 0 0.242144
1316 1 0.177105
1317 0 0.253154
1317 1 0.224245
1318 0 0.198717
1318 1 0.540827
1319 0 0.218662
1319 1 0.306197
1320 0 0.318970
1320 1 -0.462211
1321 0 0.198543
1321 1 0.585521
1322 0 0.299064
1322 1 -0.293941
1323 0 0.222855
1323 1 0.391409
1324 0 0.170223
1324 1 0.839554
1325 0 0.289362
1325 1 -0.179670
1326 0 0.360113
1326 1 -0.799791
1327 0 0.339153
1327 1 -0.595358
1328 0 0.321841
1328 1 -0.421229
1329 0 0.198608
1329 1 0.629915
1330 0 0.383274
1330 1 -1.000000
1331 0 0.305317
1331 1 -0.236021
1332 0 0.198854
1332 1 0.672553
1333 0 0.383265
1333 1 -0.919891
1334 0 0.360309
1334 1 -0.719873
1335 0 0.176899
1335 1 0.882669
1336 0 0.270265
1336 1 -0.130219
1337 0 0.326930
1337 1 -0.376117
1338 0 0.199184
1338 1 0.712366
1339 0 0.186684
1339 1 0.967775
1340 0 0.243423
1340 1 0.340247
1341 0 0.383240
1341 1 -0.839793
1342 0 0.198589
1342 1 0.749684
1343 0 0.361526
1343 1 -0.638794
1344 0 0.266493
1344 1 0.137772
1345 0 0.285104
1345 1 0.180904
1346 0 0.182918
1346 1 0.928567
1347 0 0.262217
1347 1 0.282860
1348 0 0.193635
1348 1 0.780576
1349 0 0.242520
1349 1 0.476338
1350 0 0.406402
1350 1 -0.959941
1351 0 0.383267
1351 1 -0.759772
1352 0 0.333728
1352 1 -0.325731
1353 0 0.351524
1353 1 -0.518968
1354 0 0.239393
1354 1 0.519927
1355 0 0.253108
1355 1 0.430151
1356 0 0.211827
1356 1 1.000000
1357 0 0.357138
1357 1 -0.483713
1358 0 0.367722
1358 1 -0.554405
1359 0 0.204815
1359 1 0.811890
1360 0 0.320868
1360 1 -0.130350
1361 0 0.238704
1361 1 0.563481
1362 0 0.287070
1362 1 -0.087125
1363 0 0.406383
1363 1 -0.879826
1364 0 0.383821
1364 1 -0.679791
1365 0 0.360055
1365 1 -0.444381
1366 0 0.238639
1366 1 0.607665
1367 0 0.340389
1367 1 -0.272928
1368 0 0.335017
1368 1 -0.187341
1369 0 0.284507
1369 1 0.095161
1370 0 0.309590
1370 1 0.132726
1371 0 0.213191
1371 1 0.854487
1372 0 0.364088
1372 1 -0.402920
1373 0 0.238807
1373 1 0.650931
1374 0 0.406361
1374 1 -0.799737
1375 0 0.270675
1375 1 0.381098
1376 0 0.387207
1376 1 -0.597909
1377 0 0.429536
1377 1 -1.000000
1378 0 0.239169
1378 1 0.691880
1379 0 0.297052
1379 1 -0.041956
1380 0 0.329767
1380 1 -0.072627
1381 0 0.429526
1381 1 -0.919874
1382 0 0.406514
1382 1 -0.719794
1383 0 0.221215
1383 1 0.901171
1384 0 0.239291
1384 1 0.731371
1385 0 0.369796
1385 1 -0.355986
1386 0 0.299832
1386 1 0.233105
1387 0 0.290426
1387 1 0.331666
1388 0 0.295756
1388 1 0.050285
1389 0 0.325343
1389 1 0.081939
1390 0 0.236481
1390 1 0.776215
1391 0 0.347818
1391 1 -0.228569
1392 0 0.230309
1392 1 0.953679
1393 0 0.429500
1393 1 -0.839756
1394 0 0.408042
1394 1 -0.639754
1395 0 0.299970
1395 1 0.004214
1396 0 0.334925
1396 1 -0.020968
1397 0 0.279699
1397 1 0.501731
1398 0 0.286058
1398 1 0.462220
1399 0 0.333874
1399 1 0.030678
1400 0 0.395195
1400 1 -0.511757
1401 0 0.278825
1401 1 0.542490
1402 0 0.375925
1402 1 -0.303695
1403 0 0.452668
1403 1 -0.959932
1404 0 0.429506
1404 1 -0.759702
1405 0 0.397366
1405 1 -0.467066
1406 0 0.370394
1406 1 -0.151867
1407 0 0.258111
1407 1 1.000000
1408 0 0.299839
1408 1 0.419091
1409 0 0.278702
1409 1 0.585661
1410 0 0.248593
1410 1 0.823848
1411 0 0.414701
1411 1 -0.557801
1412 0 0.315297
1412 1 0.285442
1413 0 0.401510
1413 1 -0.427658
1414 0 0.366790
1414 1 -0.102542
1415 0 0.278798
1415 1 0.629100
1416 0 0.452649
1416 1 -0.879800
1417 0 0.430023
1417 1 -0.679928
1418 0 0.380426
1418 1 -0.250922
1419 0 0.379154
1419 1 -0.200676
1420 0 0.279138
1420 1 0.670804
1421 0 0.338436
1421 1 0.182021
1422 0 0.257399
1422 1 0.870193
1423 0 0.406593
1423 1 -0.384289
1424 0 0.317281
1424 1 0.373050
1425 0 0.452621
1425 1 -0.799688
1426 0 0.279855
1426 1 0.710237
1427 0 0.433612
1427 1 -0.600209
1428 0 0.475807
1428 1 -1.000000
1429 0 0.281142
1429 1 0.750149
1430 0 0.371673
1430 1 -0.050363
1431 0 0.475798
1431 1 -0.919857
1432 0 0.452731
1432 1 -0.719730
1433 0 0.356161
1433 1 0.119806
1434 0 0.347125
1434 1 0.242805
1435 0 0.337334
1435 1 0.329838
1436 0 0.412453
1436 1 -0.334368
1437 0 0.267668
1437 1 0.916193
1438 0 0.314304
1438 1 0.487450
1439 0 0.283677
1439 1 0.959773
1440 0 0.285580
1440 1 0.793805
1441 0 0.374550
1441 1 0.005678
1442 0 0.318115
1442 1 0.522127
1443 0 0.369362
1443 1 0.063238
1444 0 0.475770
1444 1 -0.839721
1445 0 0.454159
1445 1 -0.640404
1446 0 0.329549
1446 1 0.454310
1447 0 0.429408
1447 1 -0.486164
1448 0 0.443451
1448 1 -0.520482
1449 0 0.318709
1449 1 0.564138
1450 0 0.437298
1450 1 -0.452421
1451 0 0.401534
1451 1 -0.124136
1452 0 0.417684
1452 1 -0.279956
1453 0 0.498944
1453 1 -0.959924
1454 0 0.475760
1454 1 -0.759636
1455 0 0.318821
1455 1 0.607282
1456 0 0.421782
1456 1 -0.166865
1457 0 0.293213
1457 1 0.839690
1458 0 0.304406
1458 1 1.000000
1459 0 0.345609
1459 1 0.411148
1460 0 0.460825
1460 1 -0.561636
1461 0 0.443557
1461 1 -0.411360
1462 0 0.361744
1462 1 0.290399
1463 0 0.420781
1463 1 -0.225096
1464 0 0.319063
1464 1 0.649534
1465 0 0.498924
1465 1 -0.879774
1466 0 0.407830
1466 1 -0.081031
1467 0 0.476175
1467 1 -0.679936
1468 0 0.319702
1468 1 0.689421
1469 0 0.384112
1469 1 0.208589
1470 0 0.390084
1470 1 0.157046
1471 0 0.321165
1471 1 0.727720
1472 0 0.302137
1472 1 0.884175
1473 0 0.363007
1473 1 0.369002
1474 0 0.449268
1474 1 -0.364266
1475 0 0.498893
1475 1 -0.799640
1476 0 0.479416
1476 1 -0.601615
1477 0 0.324325
1477 1 0.767660
1478 0 0.522088
1478 1 -1.000000
1479 0 0.414203
1479 1 -0.026399
1480 0 0.403569
1480 1 0.102080
1481 0 0.522078
1481 1 -0.919840
1482 0 0.498960
1482 1 -0.719644
1483 0 0.357554
1483 1 0.494715
1484 0 0.420371
1484 1 0.039253
1485 0 0.390662
1485 1 0.254492
1486 0 0.454957
1486 1 -0.311195
1487 0 0.382675
1487 1 0.331047
1488 0 0.358747
1488 1 0.542476
1489 0 0.467307
1489 1 -0.483218
1490 0 0.313204
1490 1 0.925134
1491 0 0.329841
1491 1 0.810848
1492 0 0.329509
1492 1 0.962580
1493 0 0.522050
1493 1 -0.839686
1494 0 0.375013
1494 1 0.448095
1495 0 0.500111
1495 1 -0.640568
1496 0 0.358893
1496 1 0.585659
1497 0 0.488657
1497 1 -0.522828
1498 0 0.479918
1498 1 -0.440524
1499 0 0.459923
1499 1 -0.255901
1500 0 0.359035
1500 1 0.628143
1501 0 0.440659
1501 1 -0.114309
1502 0 0.545230
1502 1 -0.959915
1503 0 0.522029
1503 1 -0.759571
1504 0 0.337433
1504 1 0.854648
1505 0 0.359476
1505 1 0.668734
1506 0 0.390885
1506 1 0.405791
1507 0 0.350710
1507 1 1.000000
1508 0 0.486291
1508 1 -0.393545
1509 0 0.505921
1509 1 -0.563674
1510 0 0.464989
1510 1 -0.202136
1511 0 0.360570
1511 1 0.706869
1512 0 0.426219
1512 1 0.187675
1513 0 0.406282
1513 1 0.295546
1514 0 0.545210
1514 1 -0.879749
1515 0 0.450569
1515 1 -0.062277
1516 0 0.522320
1516 1 -0.679820
1517 0 0.362924
1517 1 0.744536
1518 0 0.418531
1518 1 0.226299
1519 0 0.436556
1519 1 0.140450
1520 0 0.407820
1520 1 0.367871
1521 0 0.346341
1521 1 0.896351
1522 0 0.491982
1522 1 -0.342348
1523 0 0.545176
1523 1 -0.799595
1524 0 0.524770
1524 1 -0.601953
1525 0 0.459079
1525 1 -0.006980
1526 0 0.367209
1526 1 0.784523
1527 0 0.451102
1527 1 0.091080
1528 0 0.568378
1528 1 -1.000000
1529 0 0.474080
1529 1 -0.149799
1530 0 0.399235
1530 1 0.522810
1531 0 0.406203
1531 1 0.481879
1532 0 0.568369
1532 1 -0.919823
1533 0 0.545205
1533 1 -0.719547
1534 0 0.398919
1534 1 0.564408
1535 0 0.497503
1535 1 -0.287607
1536 0 0.518006
1536 1 -0.477840
1537 0 0.426560
1537 1 0.333500
1538 0 0.433456
1538 1 0.260618
1539 0 0.351369
1539 1 0.931363
1540 0 0.373665
1540 1 0.826627
1541 0 0.399065
1541 1 0.606673
1542 0 0.373908
1542 1 0.960616
1543 0 0.420051
1543 1 0.440975
1544 0 0.533454
1544 1 -0.526573
1545 0 0.568340
1545 1 -0.839651
1546 0 0.545985
1546 1 -0.640326
1547 0 0.523937
1547 1 -0.423565
1548 0 0.399347
1548 1 0.647913
1549 0 0.503083
1549 1 -0.234053
1550 0 0.485310
1550 1 -0.097372
1551 0 0.473473
1551 1 0.045264
1552 0 0.400091
1552 1 0.686604
1553 0 0.591526
1553 1 -0.959907
1554 0 0.568310
1554 1 -0.759509
1555 0 0.381606
1555 1 0.868552
1556 0 0.434573
1556 1 0.402380
1557 0 0.549531
1557 1 -0.564577
1558 0 0.529163
1558 1 -0.372860
1559 0 0.401765
1559 1 0.723330
1560 0 0.397024
1560 1 1.000000
1561 0 0.462236
1561 1 0.220055
1562 0 0.471195
1562 1 0.172301
1563 0 0.510375
1563 1 -0.183131
1564 0 0.449768
1564 1 0.300658
1565 0 0.591506
1565 1 -0.879723
1566 0 0.568481
1566 1 -0.679634
1567 0 0.405043
1567 1 0.760679
1568 0 0.494528
1568 1 -0.044586
1569 0 0.451970
1569 1 0.367638
1570 0 0.392181
1570 1 0.914525
1571 0 0.482091
1571 1 0.128613
1572 0 0.534656
1572 1 -0.319262
1573 0 0.591470
1573 1 -0.799550
1574 0 0.569816
1574 1 -0.601162
1575 0 0.433387
1575 1 0.507619
1576 0 0.504411
1576 1 0.006396
1577 0 0.495975
1577 1 0.087451
1578 0 0.437215
1578 1 0.542443
1579 0 0.410502
1579 1 0.800323
1580 0 0.614679
1580 1 -1.000000
1581 0 0.519881
1581 1 -0.131732
1582 0 0.448385
1582 1 0.475078
1583 0 0.438915
1583 1 0.584459
1584 0 0.565984
1584 1 -0.495570
1585 0 0.563021
1585 1 -0.450773
1586 0 0.614670
1586 1 -0.919806
1587 0 0.591469
1587 1 -0.719450
1588 0 0.540242
1588 1 -0.265349
1589 0 0.478164
1589 1 0.266204
1590 0 0.465144
1590 1 0.335976
1591 0 0.439318
1591 1 0.626688
1592 0 0.417786
1592 1 0.841517
1593 0 0.462707
1593 1 0.435292
1594 0 0.570777
1594 1 -0.532321
1595 0 0.420420
1595 1 0.956970
1596 0 0.439806
1596 1 0.666393
1597 0 0.566858
1597 1 -0.402429
1598 0 0.614641
1598 1 -0.839617
1599 0 0.591887
1599 1 -0.639840
1600 0 0.546631
1600 1 -0.214550
1601 0 0.518175
1601 1 0.050925
1602 0 0.440930
1602 1 0.703243
1603 0 0.529586
1603 1 -0.079216
1604 0 0.501390
1604 1 0.196720
1605 0 0.472408
1605 1 0.399105
1606 0 0.637831
1606 1 -0.959898
1607 0 0.443198
1607 1 0.738973
1608 0 0.614604
1608 1 -0.759449
1609 0 0.592409
1609 1 -0.561440
1610 0 0.521203
1610 1 0.158114
1611 0 0.571871
1611 1 -0.350422
1612 0 0.443347
1612 1 1.000000
1613 0 0.493219
1613 1 0.310103
1614 0 0.538780
1614 1 -0.028053
1615 0 0.554846
1615 1 -0.164741
1616 0 0.421157
1616 1 0.878977
1617 0 0.510081
1617 1 0.232791
1618 0 0.447514
1618 1 0.775995
1619 0 0.637811
1619 1 -0.879697
1620 0 0.614681
1620 1 -0.679440
1621 0 0.518977
1621 1 0.117566
1622 0 0.504948
1622 1 0.365577
1623 0 0.469445
1623 1 0.513105
1624 0 0.577328
1624 1 -0.296627
1625 0 0.478103
1625 1 0.558185
1626 0 0.637775
1626 1 -0.799505
1627 0 0.615156
1627 1 -0.599738
1628 0 0.454153
1628 1 0.815384
1629 0 0.548997
1629 1 0.019077
1630 0 0.597708
1630 1 -0.471860
1631 0 0.537533
1631 1 0.087402
1632 0 0.479413
1632 1 0.604069
1633 0 0.491398
1633 1 0.471622
1634 0 0.660989
1634 1 -1.000000
1635 0 0.610240
1635 1 -0.514253
1636 0 0.604569
1636 1 -0.431404
1637 0 0.564293
1637 1 -0.113029
1638 0 0.583201
1638 1 -0.245118
1639 0 0.479716
1639 1 0.645782
1640 0 0.660980
1640 1 -0.919788
1641 0 0.637752
1641 1 -0.719361
1642 0 0.523604
1642 1 0.274522
1643 0 0.444448
1643 1 0.912014
1644 0 0.480435
1644 1 0.683681
1645 0 0.503783
1645 1 0.423757
1646 0 0.464273
1646 1 0.862150
1647 0 0.468199
1647 1 0.955030
1648 0 0.609403
1648 1 -0.381010
1649 0 0.481763
1649 1 0.719182
1650 0 0.660951
1650 1 -0.839583
1651 0 0.637943
1651 1 -0.639397
1652 0 0.590317
1652 1 -0.196197
1653 0 0.573671
1653 1 -0.061347
1654 0 0.541578
1654 1 0.200510
1655 0 0.556069
1655 1 0.056537
1656 0 0.483867
1656 1 0.754139
1657 0 0.684147
1657 1 -0.959889
1658 0 0.660910
1658 1 -0.759392
1659 0 0.637723
1659 1 -0.557961
1660 0 0.614528
1660 1 -0.327833
1661 0 0.489681
1661 1 1.000000
1662 0 0.539403
1662 1 0.318777
1663 0 0.584020
1663 1 -0.012739
1664 0 0.489385
1664 1 0.790528
1665 0 0.556576
1665 1 0.123538
1666 0 0.599013
1666 1 -0.146138
1667 0 0.554886
1667 1 0.240810
1668 0 0.684127
1668 1 -0.879672
1669 0 0.519420
1669 1 0.520191
1670 0 0.660931
1670 1 -0.679288
1671 0 0.520262
1671 1 0.578335
1672 0 0.620084
1672 1 -0.275567
1673 0 0.642518
1673 1 -0.467024
1674 0 0.519940
1674 1 0.624176
1675 0 0.684089
1675 1 -0.799462
1676 0 0.580275
1676 1 0.085746
1677 0 0.661178
1677 1 -0.598947
1678 0 0.597077
1678 1 0.037912
1679 0 0.536891
1679 1 0.461587
1680 0 0.547864
1680 1 0.408477
1681 0 0.520243
1681 1 0.664018
1682 0 0.707309
1682 1 -1.000000
1683 0 0.572426
1683 1 0.165007
1684 0 0.647600
1684 1 -0.411710
1685 0 0.626410
1685 1 -0.226491
1686 0 0.608187
1686 1 -0.094566
1687 0 0.493276
1687 1 0.826099
1688 0 0.661793
1688 1 -0.515899
1689 0 0.707300
1689 1 -0.919771
1690 0 0.521190
1690 1 0.700728
1691 0 0.684054
1691 1 -0.719283
1692 0 0.568895
1692 1 0.282023
1693 0 0.562013
1693 1 0.361198
1694 0 0.492973
1694 1 0.907284
1695 0 0.521314
1695 1 0.736525
1696 0 0.515405
1696 1 0.953310
1697 0 0.652058
1697 1 -0.358744
1698 0 0.707271
1698 1 -0.839548
1699 0 0.684158
1699 1 -0.639168
1700 0 0.634166
1700 1 -0.178047
1701 0 0.617001
1701 1 -0.046401
1702 0 0.586937
1702 1 0.207486
1703 0 0.518415
1703 1 0.769028
1704 0 0.730471
1704 1 -0.959881
1705 0 0.707228
1705 1 -0.759337
1706 0 0.684593
1706 1 -0.557890
1707 0 0.657204
1707 1 -0.306123
1708 0 0.536024
1708 1 1.000000
1709 0 0.516956
1709 1 0.859484
1710 0 0.603132
1710 1 0.126042
1711 0 0.563602
1711 1 0.553242
1712 0 0.585125
1712 1 0.323515
1713 0 0.534289
1713 1 0.808212
1714 0 0.571373
1714 1 0.499375
1715 0 0.599791
1715 1 0.248572
1716 0 0.643001
1716 1 -0.127446
1717 0 0.730452
1717 1 -0.879646
1718 0 0.560898
1718 1 0.601845
1719 0 0.707221
1719 1 -0.679182
1720 0 0.663000
1720 1 -0.256263
1721 0 0.687549
1721 1 -0.439545
1722 0 0.629916
1722 1 -0.003931
1723 0 0.686225
1723 1 -0.481742
1724 0 0.560187
1724 1 0.643811
1725 0 0.582465
1725 1 0.445367
1726 0 0.730415
1726 1 -0.799419
1727 0 0.592488
1727 1 0.396457
1728 0 0.707481
1728 1 -0.598836
1729 0 0.560987
1729 1 0.681944
1730 0 0.627914
1730 1 0.081883
1731 0 0.690270
1731 1 -0.388563
1732 0 0.619815
1732 1 0.171091
1733 0 0.753640
1733 1 -1.000000
1734 0 0.669887
1734 1 -0.208652
1735 0 0.562369
1735 1 0.720846
1736 0 0.651134
1736 1 -0.077282
1737 0 0.753631
1737 1 -0.919754
1738 0 0.730372
1738 1 -0.719214
1739 0 0.613697
1739 1 0.290428
1740 0 0.708117
1740 1 -0.516505
1741 0 0.600317
1741 1 0.358751
1742 0 0.556817
1742 1 0.762911
1743 0 0.541295
1743 1 0.904298
1744 0 0.694628
1744 1 -0.336535
1745 0 0.562293
1745 1 0.952076
1746 0 0.753605
1746 1 -0.839514
1747 0 0.651129
1747 1 0.036647
1748 0 0.730440
1748 1 -0.639064
1749 0 0.678172
1749 1 -0.159880
1750 0 0.632060
1750 1 0.215176
1751 0 0.654137
1751 1 -0.036879
1752 0 0.699941
1752 1 -0.285966
1753 0 0.776805
1753 1 -0.959872
1754 0 0.753559
1754 1 -0.759284
1755 0 0.608280
1755 1 0.532029
1756 0 0.730964
1756 1 -0.558002
1757 0 0.602877
1757 1 0.580286
1758 0 0.582378
1758 1 1.000000
1759 0 0.656382
1759 1 0.128219
1760 0 0.616918
1760 1 0.480226
1761 0 0.565258
1761 1 0.853976
1762 0 0.627496
1762 1 0.334500
1763 0 0.600498
1763 1 0.623577
1764 0 0.730019
1764 1 -0.469001
1765 0 0.644644
1765 1 0.257205
1766 0 0.776796
1766 1 -0.879619
1767 0 0.687179
1767 1 -0.109199
1768 0 0.753534
1768 1 -0.679097
1769 0 0.599587
1769 1 0.662228
1770 0 0.706132
1770 1 -0.238268
1771 0 0.626150
1771 1 0.428814
1772 0 0.728905
1772 1 -0.416431
1773 0 0.675348
1773 1 -0.006167
1774 0 0.602372
1774 1 0.700261
1775 0 0.632197
1775 1 0.380568
1776 0 0.776761
1776 1 -0.799376
1777 0 0.753773
1777 1 -0.598831
1778 0 0.587414
1778 1 0.803486
1779 0 0.676116
1779 1 0.077435
1780 0 0.608801
1780 1 0.750150
1781 0 0.732436
1781 1 -0.366358
1782 0 0.665672
1782 1 0.180425
1783 0 0.799980
1783 1 -1.000000
1784 0 0.713610
1784 1 -0.191184
1785 0 0.695709
1785 1 -0.055128
1786 0 0.799979
1786 1 -0.919732
1787 0 0.776708
1787 1 -0.719149
1788 0 0.658677
1788 1 0.302054
1789 0 0.754755
1789 1 -0.516004
1790 0 0.588571
1790 1 0.901929
1791 0 0.737197
1791 1 -0.315715
1792 0 0.608868
1792 1 0.951332
1793 0 0.799986
1793 1 -0.839477
1794 0 0.676620
1794 1 0.223912
1795 0 0.698800
1795 1 0.033409
1796 0 0.776745
1796 1 -0.638986
1797 0 0.722430
1797 1 -0.142855
1798 0 0.645569
1798 1 0.560362
1799 0 0.652324
1799 1 0.512583
1800 0 0.641662
1800 1 0.604011
1801 0 0.742814
1801 1 -0.267399
1802 0 0.823135
1802 1 -0.959858
1803 0 0.799922
1803 1 -0.759235
1804 0 0.777378
1804 1 -0.558310
1805 0 0.674398
1805 1 0.355190
1806 0 0.639099
1806 1 0.644494
1807 0 0.660900
1807 1 0.461909
1808 0 0.763808
1808 1 -0.437768
1809 0 0.628741
1809 1 1.000000
1810 0 0.698558
1810 1 0.110613
1811 0 0.700447
1811 1 0.149490
1812 0 0.613377
1812 1 0.851235
1813 0 0.633615
1813 1 0.677984
1814 0 0.668646
1814 1 0.410697
1815 0 0.721839
1815 1 -0.010725
1816 0 0.689516
1816 1 0.267186
1817 0 0.732681
1817 1 -0.095114
1818 0 0.823219
1818 1 -0.879582
1819 0 0.749493
1819 1 -0.221074
1820 0 0.799877
1820 1 -0.679019
1821 0 0.770213
1821 1 -0.395764
1822 0 0.780948
1822 1 -0.475254
1823 0 0.647039
1823 1 0.712352
1824 0 0.823199
1824 1 -0.799330
1825 0 0.800082
1825 1 -0.598864
1826 0 0.708534
1826 1 0.191292
1827 0 0.721655
1827 1 0.075528
1828 0 0.636974
1828 1 0.801892
1829 0 0.774829
1829 1 -0.345576
1830 0 0.846329
1830 1 -1.000000
1831 0 0.757505
1831 1 -0.174532
1832 0 0.846391
1832 1 -0.919681
1833 0 0.823105
1833 1 -0.719093
1834 0 0.801796
1834 1 -0.517900
1835 0 0.703502
1835 1 0.313378
1836 0 0.747726
1836 1 -0.051284
1837 0 0.779889
1837 1 -0.296468
1838 0 0.635238
1838 1 0.900812
1839 0 0.655163
1839 1 0.951246
1840 0 0.688625
1840 1 0.541785
1841 0 0.720877
1841 1 0.233119
1842 0 0.683431
1842 1 0.585251
1843 0 0.846651
1843 1 -0.839417
1844 0 0.823084
1844 1 -0.638911
1845 0 0.745975
1845 1 0.031677
1846 0 0.696095
1846 1 0.494102
1847 0 0.680618
1847 1 0.626340
1848 0 0.766869
1848 1 -0.128447
1849 0 0.663854
1849 1 0.757969
1850 0 0.785874
1850 1 -0.250030
1851 0 0.735175
1851 1 0.121536
1852 0 0.710786
1852 1 0.393793
1853 0 0.677838
1853 1 0.672475
1854 0 0.704126
1854 1 0.443780
1855 0 0.808593
1855 1 -0.430936
1856 0 0.869369
1856 1 -0.959842
1857 0 0.846442
1857 1 -0.759207
1858 0 0.823757
1858 1 -0.558809
1859 0 0.660265
1859 1 0.850633
1860 0 0.675114
1860 1 1.000000
1861 0 0.735370
1861 1 0.162032
1862 0 0.717479
1862 1 0.353018
1863 0 0.768430
1863 1 -0.010792
1864 0 0.813134
1864 1 -0.376005
1865 0 0.778311
1865 1 -0.085495
1866 0 0.793036
1866 1 -0.204614
1867 0 0.870035
1867 1 -0.879496
1868 0 0.734230
1868 1 0.278955
1869 0 0.846331
1869 1 -0.678937
1870 0 0.827115
1870 1 -0.478350
1871 0 0.751120
1871 1 0.197148
1872 0 0.870079
1872 1 -0.799256
1873 0 0.846392
1873 1 -0.598919
1874 0 0.817461
1874 1 -0.325683
1875 0 0.684885
1875 1 0.804486
1876 0 0.694562
1876 1 0.719520
1877 0 0.772908
1877 1 0.081817
1878 0 0.892689
1878 1 -1.000000
1879 0 0.801434
1879 1 -0.159393
1880 0 0.893107
1880 1 -0.919473
1881 0 0.869789
1881 1 -0.719079
1882 0 0.848011
1882 1 -0.518992
1883 0 0.725548
1883 1 0.567812
1884 0 0.822763
1884 1 -0.278558
1885 0 0.792704
1885 1 -0.046223
1886 0 0.745912
1886 1 0.327038
1887 0 0.731928
1887 1 0.524008
1888 0 0.720996
1888 1 0.606986
1889 0 0.681283
1889 1 0.901049
1890 0 0.701159
1890 1 0.951712
1891 0 0.720852
1891 1 0.644937
1892 0 0.739545
1892 1 0.475598
1893 0 0.765737
1893 1 0.243577
1894 0 0.894803
1894 1 -0.839239
1895 0 0.869512
1895 1 -0.638830
1896 0 0.792028
1896 1 0.029528
1897 0 0.746403
1897 1 0.424851
1898 0 0.811156
1898 1 -0.116069
1899 0 0.750083
1899 1 0.375347
1900 0 0.777682
1900 1 0.148658
1901 0 0.829152
1901 1 -0.233566
1902 0 0.711544
1902 1 0.763827
1903 0 0.852895
1903 1 -0.403715
1904 0 0.851300
1904 1 -0.445354
1905 0 0.914777
1905 1 -0.960012
1906 0 0.893576
1906 1 -0.759321
1907 0 0.870051
1907 1 -0.559269
1908 0 0.728182
1908 1 0.685502
1909 0 0.706267
1909 1 0.851988
1910 0 0.721497
1910 1 1.000000
1911 0 0.822478
1911 1 -0.075374
1912 0 0.855707
1912 1 -0.354447
1913 0 0.812401
1913 1 -0.009404
1914 0 0.836635
1914 1 -0.189113
1915 0 0.917886
1915 1 -0.879375
1916 0 0.893289
1916 1 -0.678796
1917 0 0.779408
1917 1 0.294410
1918 0 0.872347
1918 1 -0.479138
1919 0 0.860291
1919 1 -0.306950
1920 0 0.796619
1920 1 0.204764
1921 0 0.918014
1921 1 -0.798900
1922 0 0.892557
1922 1 -0.599200
1923 0 0.731051
1923 1 0.808019
1924 0 0.816336
1924 1 0.064054
1925 0 0.741145
1925 1 0.727527
1926 0 0.820143
1926 1 0.110091
1927 0 0.845058
1927 1 -0.145495
1928 0 0.928459
1928 1 -1.000000
1929 0 0.768314
1929 1 0.551443
1930 0 0.761840
1930 1 0.591942
1931 0 0.787490
1931 1 0.348746
1932 0 0.753269
1932 1 0.624175
1933 0 0.775331
1933 1 0.506032
1934 0 0.941567
1934 1 -0.918264
1935 0 0.917467
1935 1 -0.719293
1936 0 0.894483
1936 1 -0.519947
1937 0 0.866066
1937 1 -0.261817
1938 0 0.830420
1938 1 -0.040825
1939 0 0.782480
1939 1 0.455846
1940 0 0.787428
1940 1 0.403132
1941 0 0.726823
1941 1 0.902301
1942 0 0.763207
1942 1 0.655734
1943 0 0.747021
1943 1 0.952410
1944 0 0.836487
1944 1 0.028715
1945 0 0.854634
1945 1 -0.103513
1946 0 0.949839
1946 1 -0.838627
1947 0 0.812044
1947 1 0.257131
1948 0 0.916017
1948 1 -0.638609
1949 0 0.894717
1949 1 -0.432925
1950 0 0.872692
1950 1 -0.217843
1951 0 0.964045
1951 1 -0.962656
1952 0 0.964230
1952 1 -1.000000
1953 0 0.893829
1953 1 -0.381925
1954 0 0.757504
1954 1 0.769294
1955 0 0.829554
1955 1 0.165275
1956 0 0.942311
1956 1 -0.760334
1957 0 0.916372
1957 1 -0.560966
1958 0 0.773097
1958 1 0.694654
1959 0 0.751708
1959 1 0.854560
1960 0 0.767889
1960 1 1.000000
1961 0 0.855657
1961 1 -0.012026
1962 0 0.898219
1962 1 -0.335475
1963 0 0.868609
1963 1 -0.058652
1964 0 0.879895
1964 1 -0.174192
1965 0 0.961418
1965 1 -0.880867
1966 0 0.942188
1966 1 -0.678201
1967 0 0.829858
1967 1 0.315589
1968 0 0.919298
1968 1 -0.479641
1969 0 0.860718
1969 1 0.075865
1970 0 0.904284
1970 1 -0.290027
1971 0 0.843288
1971 1 0.218375
1972 0 0.961519
1972 1 -0.796188
1973 0 0.937153
1973 1 -0.600360
1974 0 0.804982
1974 1 0.577593
1975 0 0.796756
1975 1 0.621816
1976 0 0.811599
1976 1 0.534682
1977 0 0.776579
1977 1 0.812184
1978 0 0.786268
1978 1 0.734063
1979 0 0.886824
1979 1 -0.131485
1980 0 0.818667
1980 1 0.486747
1981 0 0.828274
1981 1 0.377542
1982 0 0.864845
1982 1 0.130214
1983 0 0.824866
1983 1 0.433819
1984 0 0.910415
1984 1 -0.245868
1985 0 1.000000
1985 1 -0.953608
1986 0 0.966586
1986 1 -0.720385
1987 0 0.942914
1987 1 -0.524019
1988 0 0.772243
1988 1 0.904029
1989 0 1.000000
1989 1 -0.907216
1990 0 0.805812
1990 1 0.664338
1991 0 0.927049
1991 1 -0.403455
1992 0 0.882506
1992 1 0.027416
1993 0 0.792883
1993 1 0.953105
1994 0 1.000000
1994 1 -1.000000
1995 0 1.000000
1995 1 -0.860821
1996 0 0.961572
1996 1 -0.637128
1997 0 0.858189
1997 1 0.269540
1998 0 0.916364
1998 1 -0.202089
1999 0 0.945635
1999 1 -0.440231
2000 0 0.933777
2000 1 -0.365116
2001 0 1.000000
2001 1 -0.814426
2002 0 0.802910
2002 1 0.774465
2003 0 0.891623
2003 1 -0.094220
2004 0 0.875840
2004 1 0.181501
2005 0 1.000000
2005 1 -0.768029
2006 0 0.961716
2006 1 -0.566982
2007 0 0.816038
2007 1 0.701411
2008 0 0.796959
2008 1 0.857771
2009 0 0.814292
2009 1 1.000000
2010 0 0.943297
2010 1 -0.319762
2011 0 0.902114
2011 1 -0.019217
2012 0 0.921863
2012 1 -0.157878
2013 0 1.000000
2013 1 -0.675232
2014 0 0.869797
2014 1 0.354618
2015 0 0.967675
2015 1 -0.484970
2016 0 0.896433
2016 1 0.105219
2017 0 0.842494
2017 1 0.601611
2018 0 0.848336
2018 1 0.561576
2019 0 0.951601
2019 1 -0.274168
2020 0 0.855138
2020 1 0.516643
2021 0 0.873867
2021 1 0.310876
2022 0 0.910766
2022 1 0.067554
2023 0 0.867141
2023 1 0.409794
2024 0 0.862112
2024 1 0.465413
2025 0 0.972701
2025 1 -0.602627
2026 0 0.889020
2026 1 0.233060
2027 0 0.841710
2027 1 0.640205
2028 0 0.924517
2028 1 -0.112883
2029 0 0.918090
2029 1 -0.066672
2030 0 0.830919
2030 1 0.739059
2031 0 0.821947
2031 1 0.816673
2032 0 0.955767
2032 1 -0.229495
2033 0 0.909069
2033 1 0.146666
2034 0 1.000000
2034 1 -0.536027
2035 0 0.964103
2035 1 -0.400299
2036 0 0.817671
2036 1 0.905798
2037 0 0.841743
2037 1 0.673854
2038 0 0.930258
2038 1 0.022199
2039 0 1.000000
2039 1 -0.721631
2040 0 0.838877
2040 1 0.953637
2041 0 0.973858
2041 1 -0.355297
2042 0 0.959297
2042 1 -0.184580
2043 0 1.000000
2043 1 -0.443219
2044 0 0.902740
2044 1 0.283259
2045 0 1.000000
2045 1 -0.628831
2046 0 0.848249
2046 1 0.779334
2047 0 0.921869
2047 1 0.197647
2048 0 1.000000
2048 1 -0.582430
2049 0 0.858747
2049 1 0.703931
2050 0 0.842330
2050 1 0.861105
2051 0 1.000000
2051 1 -0.303997
2052 0 0.955139
2052 1 -0.031949
2053 0 0.860704
2053 1 1.000000
2054 0 0.910156
2054 1 0.332996
2055 0 0.961663
2055 1 -0.138368
2056 0 0.938728
2056 1 0.109255
2057 0 0.884523
2057 1 0.588314
2058 0 0.909839
2058 1 0.385473
2059 0 0.891469
2059 1 0.545505
2060 0 0.875286
2060 1 0.622372
2061 0 0.899914
2061 1 0.496798
2062 0 0.960607
2062 1 -0.089366
2063 0 0.906921
2063 1 0.441807
2064 0 1.000000
2064 1 -0.257588
2065 0 0.958592
2065 1 0.066466
2066 0 0.882789
2066 1 0.662235
2067 0 1.000000
2067 1 -0.489624
2068 0 0.933840
2068 1 0.249617
2069 0 0.867459
2069 1 0.821231
2070 0 0.875798
2070 1 0.743219
2071 0 1.000000
2071 1 -0.211177
2072 0 0.863489
2072 1 0.907504
2073 0 1.000000
2073 1 -0.396813
2074 0 0.960992
2074 1 0.162868
2075 0 0.973851
2075 1 0.020174
2076 0 0.885039
2076 1 0.954520
2077 0 0.952872
2077 1 0.304995
2078 0 1.000000
2078 1 -0.164766
2079 0 1.000000
2079 1 -0.350406
2080 0 0.893574
2080 1 0.784156
2081 0 0.953895
2081 1 0.362289
2082 0 0.903640
2082 1 0.706483
2083 0 0.888034
2083 1 0.864774
2084 0 1.000000
2084 1 -0.071938
2085 0 0.965050
2085 1 0.220054
2086 0 1.000000
2086 1 -0.118353
2087 0 0.927052
2087 1 0.574221
2088 0 0.919585
2088 1 0.623279
2089 0 0.907126
2089 1 1.000000
2090 0 0.934439
2090 1 0.528186
2091 0 0.953175
2091 1 0.415705
2092 0 1.000000
2092 1 0.113729
2093 0 0.951698
2093 1 0.475142
2094 0 1.000000
2094 1 -0.025523
2095 0 1.000000
2095 1 0.067311
2096 0 0.970798
2096 1 0.264518
2097 0 0.920696
2097 1 0.747986
2098 0 0.913292
2098 1 0.825965
2099 0 0.932517
2099 1 0.671498
2100 0 0.909855
2100 1 0.910602
2101 0 1.000000
2101 1 0.206570
2102 0 1.000000
2102 1 0.160149
2103 0 1.000000
2103 1 0.345840
2104 0 0.930641
2104 1 0.957272
2105 0 1.000000
2105 1 0.020893
2106 0 1.000000
2106 1 0.392266
2107 0 0.966294
2107 1 0.555274
2108 0 0.937726
2108 1 0.788586
2109 0 1.000000
2109 1 0.299416
2110 0 0.963557
2110 1 0.600365
2111 0 0.970603
2111 1 0.515575
2112 0 1.000000
2112 1 0.438693
2113 0 0.948932
2113 1 0.712907
2114 0 0.933541
2114 1 0.869630
2115 0 1.000000
2115 1 0.252993
2116 0 0.953558
2116 1 1.000000
2117 0 0.965012
2117 1 0.645224
2118 0 1.000000
2118 1 0.485121
2119 0 0.961227
2119 1 0.830527
2120 0 0.963760
2120 1 0.753344
2121 0 0.970034
2121 1 0.682984
2122 0 0.959109
2122 1 0.917730
2123 0 0.968888
2123 1 0.964688
2124 0 1.000000
2124 1 0.577980
2125 0 1.000000
2125 1 0.531550
2126 0 1.000000
2126 1 0.624411
2127 0 0.973009
2127 1 0.789457
2128 0 1.000000
2128 1 0.717278
2129 0 0.970841
2129 1 0.874801
2130 0 1.000000
2130 1 1.000000
2131 0 1.000000
2131 1 0.670844
2132 0 1.000000
2132 1 0.763713
2133 0 1.000000
2133 1 0.810149
2134 0 1.000000
2134 1 0.856586
2135 0 1.000000
2135 1 0.903024
2136 0 1.000000
2136 1 0.951512