CONTINUOUS
SURF<2>
POINTS
913
-8.583013e-01 -1.000000e+00 0.000000e+00
-9.291506e-01 -1.000000e+00 0.000000e+00
-8.964051e-01 -9.402993e-01 0.000000e+00
-9.609670e-01 -9.440751e-01 0.000000e+00
-1.000000e+00 -1.000000e+00 0.000000e+00
-1.000000e+00 -9.474012e-01 0.000000e+00
-1.000000e+00 -8.948023e-01 0.000000e+00
-8.248709e-01 -9.386746e-01 0.000000e+00
-9.406803e-01 -8.841680e-01 0.000000e+00
-7.874517e-01 -1.000000e+00 0.000000e+00
-1.000000e+00 -8.422035e-01 0.000000e+00
-7.526984e-01 -9.385512e-01 0.000000e+00
-7.166021e-01 -1.000000e+00 0.000000e+00
-8.669460e-01 -8.768976e-01 0.000000e+00
-9.209759e-01 -8.092959e-01 0.000000e+00
-6.813216e-01 -9.386136e-01 0.000000e+00
-6.457523e-01 -1.000000e+00 0.000000e+00
-7.906253e-01 -8.766921e-01 0.000000e+00
-6.103505e-01 -9.386371e-01 0.000000e+00
-1.000000e+00 -7.713532e-01 0.000000e+00
-5.749025e-01 -1.000000e+00 0.000000e+00
-7.173970e-01 -8.770897e-01 0.000000e+00
-5.394824e-01 -9.386411e-01 0.000000e+00
-5.040525e-01 -1.000000e+00 0.000000e+00
-6.458942e-01 -8.772463e-01 0.000000e+00
-8.317419e-01 -8.131578e-01 0.000000e+00
-9.374141e-01 -7.301587e-01 0.000000e+00
-4.686306e-01 -9.386413e-01 0.000000e+00
-4.332025e-01 -1.000000e+00 0.000000e+00
-5.749240e-01 -8.772791e-01 0.000000e+00
-7.546465e-01 -8.150431e-01 0.000000e+00
-3.977804e-01 -9.386412e-01 0.000000e+00
-1.000000e+00 -7.005026e-01 0.000000e+00
-3.623524e-01 -1.000000e+00 0.000000e+00
-5.040588e-01 -8.772832e-01 0.000000e+00
-8.676133e-01 -7.475481e-01 0.000000e+00
-6.817499e-01 -8.157260e-01 0.000000e+00
-3.269302e-01 -9.386410e-01 0.000000e+00
-2.915021e-01 -1.000000e+00 0.000000e+00
-4.332075e-01 -8.772832e-01 0.000000e+00
-6.104199e-01 -8.158948e-01 0.000000e+00
-7.923364e-01 -7.520630e-01 0.000000e+00
-9.410588e-01 -6.613987e-01 0.000000e+00
-2.560799e-01 -9.386409e-01 0.000000e+00
-2.206518e-01 -1.000000e+00 0.000000e+00
-3.623573e-01 -8.772830e-01 0.000000e+00
-5.394928e-01 -8.159231e-01 0.000000e+00
-7.181285e-01 -7.538454e-01 0.000000e+00
-1.852296e-01 -9.386408e-01 0.000000e+00
-8.908061e-01 -6.905270e-01 0.000000e+00
-1.000000e+00 -6.296517e-01 0.000000e+00
-1.498014e-01 -1.000000e+00 0.000000e+00
-2.915070e-01 -8.772827e-01 0.000000e+00
-4.686342e-01 -8.159259e-01 0.000000e+00
-6.460654e-01 -7.544203e-01 0.000000e+00
-8.291641e-01 -6.892179e-01 0.000000e+00
-1.143791e-01 -9.386407e-01 0.000000e+00
-7.895082e-02 -1.000000e+00 0.000000e+00
-2.206567e-01 -8.772825e-01 0.000000e+00
-3.977834e-01 -8.159258e-01 0.000000e+00
-5.749508e-01 -7.545480e-01 0.000000e+00
-9.406254e-01 -5.928770e-01 0.000000e+00
-7.550796e-01 -6.913698e-01 0.000000e+00
-4.352849e-02 -9.386406e-01 0.000000e+00
-8.100194e-03 -1.000000e+00 0.000000e+00
-1.498062e-01 -8.772823e-01 0.000000e+00
-3.269331e-01 -8.159254e-01 0.000000e+00
-5.040630e-01 -7.545672e-01 0.000000e+00
-6.819926e-01 -6.926907e-01 0.000000e+00
-8.737994e-01 -6.258407e-01 0.000000e+00
2.732219e-02 -9.386405e-01 0.000000e+00
-1.000000e+00 -5.588005e-01 0.000000e+00
6.275053e-02 -1.000000e+00 0.000000e+00
-7.895572e-02 -8.772821e-01 0.000000e+00
-2.560828e-01 -8.159251e-01 0.000000e+00
-4.332093e-01 -7.545688e-01 0.000000e+00
-6.104700e-01 -6.931126e-01 0.000000e+00
-7.929068e-01 -6.279699e-01 0.000000e+00
9.817297e-02 -9.386404e-01 0.000000e+00
1.336014e-01 -1.000000e+00 0.000000e+00
-8.105084e-03 -8.772819e-01 0.000000e+00
-1.852324e-01 -8.159248e-01 0.000000e+00
-3.623588e-01 -7.545684e-01 0.000000e+00
-9.378524e-01 -5.244899e-01 0.000000e+00
-5.394994e-01 -6.931990e-01 0.000000e+00
-7.182087e-01 -6.304124e-01 0.000000e+00
1.690238e-01 -9.386403e-01 0.000000e+00
2.044523e-01 -1.000000e+00 0.000000e+00
6.274565e-02 -8.772817e-01 0.000000e+00
-1.143819e-01 -8.159245e-01 0.000000e+00
-2.915085e-01 -7.545680e-01 0.000000e+00
-8.889064e-01 -5.596514e-01 0.000000e+00
-4.686356e-01 -6.932108e-01 0.000000e+00
-6.460648e-01 -6.314984e-01 0.000000e+00
2.398748e-01 -9.386402e-01 0.000000e+00
-8.268958e-01 -5.632304e-01 0.000000e+00
-1.000000e+00 -4.879490e-01 0.000000e+00
2.753033e-01 -1.000000e+00 0.000000e+00
1.335965e-01 -8.772816e-01 0.000000e+00
-4.353132e-02 -8.159242e-01 0.000000e+00
-2.206581e-01 -7.545676e-01 0.000000e+00
-3.977844e-01 -6.932114e-01 0.000000e+00
-5.749437e-01 -6.317930e-01 0.000000e+00
3.107259e-01 -9.386401e-01 0.000000e+00
-7.536144e-01 -5.674269e-01 0.000000e+00
3.461544e-01 -1.000000e+00 0.000000e+00
2.044474e-01 -8.772814e-01 0.000000e+00
2.731936e-02 -8.159239e-01 0.000000e+00
-1.498076e-01 -7.545672e-01 0.000000e+00
-9.339811e-01 -4.543024e-01 0.000000e+00
-3.269340e-01 -6.932109e-01 0.000000e+00
-5.040614e-01 -6.318471e-01 0.000000e+00
3.815771e-01 -9.386400e-01 0.000000e+00
-6.815166e-01 -5.695429e-01 0.000000e+00
4.170057e-01 -1.000000e+00 0.000000e+00
2.752984e-01 -8.772812e-01 0.000000e+00
9.817014e-02 -8.159237e-01 0.000000e+00
-8.644758e-01 -4.961084e-01 0.000000e+00
-7.895706e-02 -7.545668e-01 0.000000e+00
-2.560836e-01 -6.932104e-01 0.000000e+00
-4.332097e-01 -6.318537e-01 0.000000e+00
4.524287e-01 -9.386397e-01 0.000000e+00
-6.103529e-01 -5.702794e-01 0.000000e+00
-7.872036e-01 -5.049967e-01 0.000000e+00
-1.000000e+00 -4.170972e-01 0.000000e+00
4.878570e-01 -1.000000e+00 0.000000e+00
3.461495e-01 -8.772810e-01 0.000000e+00
1.690210e-01 -8.159234e-01 0.000000e+00
-8.106423e-03 -7.545664e-01 0.000000e+00
-1.852331e-01 -6.932097e-01 0.000000e+00
-3.623593e-01 -6.318535e-01 0.000000e+00
5.232821e-01 -9.386381e-01 0.000000e+00
-5.394750e-01 -5.704611e-01 0.000000e+00
-7.166052e-01 -5.074830e-01 0.000000e+00
5.587084e-01 -1.000000e+00 0.000000e+00
4.170012e-01 -8.772802e-01 0.000000e+00
2.398719e-01 -8.159231e-01 0.000000e+00
6.274431e-02 -7.545661e-01 0.000000e+00
-9.340259e-01 -3.826165e-01 0.000000e+00
-1.143826e-01 -6.932088e-01 0.000000e+00
-2.915083e-01 -6.318527e-01 0.000000e+00
5.941416e-01 -9.386276e-01 0.000000e+00
-4.686319e-01 -5.704924e-01 0.000000e+00
-6.457305e-01 -5.085811e-01 0.000000e+00
6.295599e-01 -1.000000e+00 0.000000e+00
4.878570e-01 -8.772771e-01 0.000000e+00
-8.133495e-01 -4.511325e-01 0.000000e+00
3.107227e-01 -8.159226e-01 0.000000e+00
-8.680798e-01 -4.201317e-01 0.000000e+00
1.335951e-01 -7.545658e-01 0.000000e+00
-4.353205e-02 -6.932078e-01 0.000000e+00
-2.206572e-01 -6.318516e-01 0.000000e+00
6.650182e-01 -9.385520e-01 0.000000e+00
-3.977834e-01 -5.704949e-01 0.000000e+00
-5.748680e-01 -5.090073e-01 0.000000e+00
-1.000000e+00 -3.462452e-01 0.000000e+00
-7.527848e-01 -4.473866e-01 0.000000e+00
7.004115e-01 -1.000000e+00 0.000000e+00
5.587303e-01 -8.772637e-01 0.000000e+00
3.815734e-01 -8.159211e-01 0.000000e+00
2.044460e-01 -7.545654e-01 0.000000e+00
2.731862e-02 -6.932074e-01 0.000000e+00
-1.498067e-01 -6.318486e-01 0.000000e+00
7.359145e-01 -9.381252e-01 0.000000e+00
-3.269296e-01 -5.704925e-01 0.000000e+00
-5.040434e-01 -5.091167e-01 0.000000e+00
-6.820976e-01 -4.467953e-01 0.000000e+00
7.712632e-01 -1.000000e+00 0.000000e+00
6.296479e-01 -8.772036e-01 0.000000e+00
4.524290e-01 -8.159148e-01 0.000000e+00
2.752962e-01 -7.545646e-01 0.000000e+00
-9.344110e-01 -3.112194e-01 0.000000e+00
9.816940e-02 -6.932075e-01 0.000000e+00
-7.895689e-02 -6.318426e-01 0.000000e+00
8.066143e-01 -9.364164e-01 0.000000e+00
-2.560718e-01 -5.704894e-01 0.000000e+00
-4.332026e-01 -5.091313e-01 0.000000e+00
-6.104996e-01 -4.473820e-01 0.000000e+00
-7.999742e-01 -3.935087e-01 0.000000e+00
8.421150e-01 -1.000000e+00 0.000000e+00
7.006547e-01 -8.768621e-01 0.000000e+00
5.233206e-01 -8.158880e-01 0.000000e+00
-8.646700e-01 -3.491153e-01 0.000000e+00
3.461435e-01 -7.545612e-01 0.000000e+00
1.690202e-01 -6.932075e-01 0.000000e+00
-8.106746e-03 -6.318388e-01 0.000000e+00
8.753763e-01 -9.315832e-01 0.000000e+00
-1.852165e-01 -5.704851e-01 0.000000e+00
-3.623406e-01 -5.091227e-01 0.000000e+00
-5.394688e-01 -4.476881e-01 0.000000e+00
-1.000000e+00 -2.753928e-01 0.000000e+00
-7.241539e-01 -3.847022e-01 0.000000e+00
8.947434e-01 -1.000000e+00 0.000000e+00
7.717778e-01 -8.752752e-01 0.000000e+00
5.943350e-01 -8.158044e-01 0.000000e+00
4.169868e-01 -7.545477e-01 0.000000e+00
2.398699e-01 -6.932066e-01 0.000000e+00
9.406232e-01 -9.284572e-01 0.000000e+00
9.473717e-01 -1.000000e+00 0.000000e+00
6.274398e-02 -6.318420e-01 0.000000e+00
-1.143708e-01 -5.704595e-01 0.000000e+00
-2.914502e-01 -5.091040e-01 0.000000e+00
-4.686136e-01 -4.477548e-01 0.000000e+00
-6.477320e-01 -3.852266e-01 0.000000e+00
8.428630e-01 -8.700754e-01 0.000000e+00
6.655496e-01 -8.156157e-01 0.000000e+00
1.000000e+00 -9.291479e-01 0.000000e+00
1.000000e+00 -1.000000e+00 0.000000e+00
4.878640e-01 -7.544997e-01 0.000000e+00
-9.360308e-01 -2.396139e-01 0.000000e+00
3.107121e-01 -6.932011e-01 0.000000e+00
1.335947e-01 -6.318474e-01 0.000000e+00
-4.352772e-02 -5.704173e-01 0.000000e+00
1.000000e+00 -8.582958e-01 0.000000e+00
9.230726e-01 -8.509227e-01 0.000000e+00
-2.205407e-01 -5.090963e-01 0.000000e+00
-3.977286e-01 -4.477229e-01 0.000000e+00
-7.812698e-01 -3.156869e-01 0.000000e+00
-5.751523e-01 -3.860697e-01 0.000000e+00
7.369602e-01 -8.148102e-01 0.000000e+00
-8.663044e-01 -2.752624e-01 0.000000e+00
1.000000e+00 -7.874434e-01 0.000000e+00
5.589643e-01 -7.543227e-01 0.000000e+00
3.815249e-01 -6.931744e-01 0.000000e+00
2.044444e-01 -6.318488e-01 0.000000e+00
2.732199e-02 -5.704188e-01 0.000000e+00
-1.496870e-01 -5.090878e-01 0.000000e+00
-3.267543e-01 -4.476488e-01 0.000000e+00
-1.000000e+00 -2.045402e-01 0.000000e+00
-5.040355e-01 -3.863392e-01 0.000000e+00
-6.884280e-01 -3.209898e-01 0.000000e+00
8.084648e-01 -8.116062e-01 0.000000e+00
6.306944e-01 -7.538984e-01 0.000000e+00
4.523018e-01 -6.930822e-01 0.000000e+00
2.752839e-01 -6.318428e-01 0.000000e+00
9.817277e-02 -5.704648e-01 0.000000e+00
-7.890402e-02 -5.088852e-01 0.000000e+00
8.715184e-01 -8.093064e-01 0.000000e+00
9.294222e-01 -7.673558e-01 0.000000e+00
-2.556070e-01 -4.475454e-01 0.000000e+00
-4.331127e-01 -3.863035e-01 0.000000e+00
-6.115676e-01 -3.238231e-01 0.000000e+00
7.028980e-01 -7.537478e-01 0.000000e+00
-9.378501e-01 -1.683254e-01 0.000000e+00
1.000000e+00 -7.165910e-01 0.000000e+00
5.232337e-01 -6.928314e-01 0.000000e+00
3.460636e-01 -6.318053e-01 0.000000e+00
1.690210e-01 -5.704922e-01 0.000000e+00
-8.080507e-03 -5.086987e-01 0.000000e+00
-8.016988e-01 -2.326225e-01 0.000000e+00
-1.844623e-01 -4.476368e-01 0.000000e+00
9.290277e-01 -6.933888e-01 0.000000e+00
-3.619255e-01 -3.859797e-01 0.000000e+00
-5.395232e-01 -3.247800e-01 0.000000e+00
-7.242246e-01 -2.525168e-01 0.000000e+00
8.542337e-01 -7.431802e-01 0.000000e+00
-8.729621e-01 -2.019296e-01 0.000000e+00
7.747553e-01 -7.530346e-01 0.000000e+00
5.951215e-01 -6.919578e-01 0.000000e+00
1.000000e+00 -6.457385e-01 0.000000e+00
4.166540e-01 -6.316474e-01 0.000000e+00
2.398639e-01 -5.704894e-01 0.000000e+00
6.278441e-02 -5.089123e-01 0.000000e+00
-1.138912e-01 -4.477422e-01 0.000000e+00
-1.000000e+00 -1.336872e-01 0.000000e+00
-2.903721e-01 -3.856946e-01 0.000000e+00
9.303423e-01 -6.200779e-01 0.000000e+00
-4.685184e-01 -3.249046e-01 0.000000e+00
-6.474598e-01 -2.601870e-01 0.000000e+00
8.624915e-01 -6.650111e-01 0.000000e+00
6.696260e-01 -6.899734e-01 0.000000e+00
1.000000e+00 -5.748859e-01 0.000000e+00
4.870645e-01 -6.312021e-01 0.000000e+00
3.106421e-01 -5.704566e-01 0.000000e+00
1.336163e-01 -5.091530e-01 0.000000e+00
-4.344523e-02 -4.462947e-01 0.000000e+00
-2.179359e-01 -3.852476e-01 0.000000e+00
8.057238e-01 -6.991503e-01 0.000000e+00
9.309109e-01 -5.476185e-01 0.000000e+00
-3.972694e-01 -3.243876e-01 0.000000e+00
-5.748802e-01 -2.628222e-01 0.000000e+00
7.437003e-01 -6.924955e-01 0.000000e+00
8.621267e-01 -5.929005e-01 0.000000e+00
-9.388396e-01 -9.744044e-02 0.000000e+00
1.000000e+00 -5.040332e-01 0.000000e+00
5.578805e-01 -6.304477e-01 0.000000e+00
7.967394e-01 -6.390257e-01 0.000000e+00
-7.478714e-01 -1.828566e-01 0.000000e+00
3.811003e-01 -5.702869e-01 0.000000e+00
-8.139105e-01 -1.605104e-01 0.000000e+00
2.044532e-01 -5.091642e-01 0.000000e+00
2.755810e-02 -4.463331e-01 0.000000e+00
-1.463932e-01 -3.867411e-01 0.000000e+00
9.317658e-01 -4.751605e-01 0.000000e+00
-3.244481e-01 -3.224633e-01 0.000000e+00
-5.038681e-01 -2.634721e-01 0.000000e+00
-6.790954e-01 -1.952071e-01 0.000000e+00
-8.771775e-01 -1.307096e-01 0.000000e+00
8.624233e-01 -5.194559e-01 0.000000e+00
1.000000e+00 -4.331804e-01 0.000000e+00
6.312674e-01 -6.272373e-01 0.000000e+00
4.507510e-01 -5.696701e-01 0.000000e+00
7.927661e-01 -5.655811e-01 0.000000e+00
2.752831e-01 -5.091289e-01 0.000000e+00
7.167916e-01 -6.163261e-01 0.000000e+00
9.840024e-02 -4.479889e-01 0.000000e+00
-1.000000e+00 -6.283396e-02 0.000000e+00
-7.857547e-02 -3.878897e-01 0.000000e+00
9.328738e-01 -4.028429e-01 0.000000e+00
-2.516188e-01 -3.230694e-01 0.000000e+00
-4.328161e-01 -2.631723e-01 0.000000e+00
-6.090639e-01 -2.001871e-01 0.000000e+00
8.639433e-01 -4.457983e-01 0.000000e+00
1.000000e+00 -3.623275e-01 0.000000e+00
5.201597e-01 -5.679936e-01 0.000000e+00
7.946007e-01 -4.902737e-01 0.000000e+00
3.458218e-01 -5.090476e-01 0.000000e+00
1.690439e-01 -4.480782e-01 0.000000e+00
-7.908746e-03 -3.775209e-01 0.000000e+00
7.260911e-01 -5.323771e-01 0.000000e+00
9.340083e-01 -3.307530e-01 0.000000e+00
-1.733625e-01 -3.193061e-01 0.000000e+00
-3.607677e-01 -2.611702e-01 0.000000e+00
-5.388578e-01 -2.018320e-01 0.000000e+00
8.658045e-01 -3.724582e-01 0.000000e+00
-7.623592e-01 -1.163389e-01 0.000000e+00
-9.391701e-01 -2.672133e-02 0.000000e+00
1.000000e+00 -2.914744e-01 0.000000e+00
6.579446e-01 -5.607200e-01 0.000000e+00
-7.040384e-01 -1.312854e-01 0.000000e+00
5.893389e-01 -5.680862e-01 0.000000e+00
-8.197404e-01 -9.091608e-02 0.000000e+00
7.964736e-01 -4.162499e-01 0.000000e+00
4.152076e-01 -5.086482e-01 0.000000e+00
2.399741e-01 -4.478570e-01 0.000000e+00
6.460691e-02 -3.881410e-01 0.000000e+00
9.350511e-01 -2.588949e-01 0.000000e+00
-1.047895e-01 -3.334581e-01 0.000000e+00
7.293317e-01 -4.586357e-01 0.000000e+00
-2.798010e-01 -2.503413e-01 0.000000e+00
-4.682877e-01 -2.020901e-01 0.000000e+00
-8.789289e-01 -6.025451e-02 0.000000e+00
8.677605e-01 -2.994181e-01 0.000000e+00
-6.405393e-01 -1.370861e-01 0.000000e+00
6.672258e-01 -4.937603e-01 0.000000e+00
1.000000e+00 -2.206213e-01 0.000000e+00
7.984607e-01 -3.424969e-01 0.000000e+00
4.820847e-01 -5.073645e-01 0.000000e+00
3.108452e-01 -4.478144e-01 0.000000e+00
-1.000000e+00 8.019580e-03 0.000000e+00
1.336802e-01 -3.883626e-01 0.000000e+00
9.359436e-01 -1.872536e-01 0.000000e+00
-5.288734e-02 -3.377932e-01 0.000000e+00
6.151531e-01 -5.174369e-01 0.000000e+00
7.304018e-01 -3.856867e-01 0.000000e+00
-2.161038e-01 -2.721347e-01 0.000000e+00
-3.966120e-01 -2.009345e-01 0.000000e+00
-5.728324e-01 -1.397710e-01 0.000000e+00
8.696540e-01 -2.266980e-01 0.000000e+00
6.674253e-01 -4.246334e-01 0.000000e+00
5.527326e-01 -4.992685e-01 0.000000e+00
1.000000e+00 -1.497681e-01 0.000000e+00
6.096925e-01 -4.586566e-01 0.000000e+00
8.007589e-01 -2.688564e-01 0.000000e+00
3.807743e-01 -4.479668e-01 0.000000e+00
2.045267e-01 -3.871093e-01 0.000000e+00
9.366671e-01 -1.158018e-01 0.000000e+00
4.010754e-02 -3.379534e-01 0.000000e+00
7.316830e-01 -3.122815e-01 0.000000e+00
-1.113569e-01 -2.785440e-01 0.000000e+00
-3.298133e-01 -2.011820e-01 0.000000e+00
-7.221776e-01 -7.703082e-02 0.000000e+00
-7.662834e-01 -5.050922e-02 0.000000e+00
-5.034127e-01 -1.408501e-01 0.000000e+00
8.713584e-01 -1.543118e-01 0.000000e+00
-9.391585e-01 4.395704e-02 0.000000e+00
6.667921e-01 -3.531317e-01 0.000000e+00
1.000000e+00 -7.891484e-02 0.000000e+00
-1.095659e-02 -2.997999e-01 0.000000e+00
-6.699295e-01 -7.496940e-02 0.000000e+00
-1.573619e-01 -2.554209e-01 0.000000e+00
-8.212641e-01 -2.177903e-02 0.000000e+00
8.032168e-01 -1.954373e-01 0.000000e+00
6.075560e-01 -3.890231e-01 0.000000e+00
4.480408e-01 -4.479672e-01 0.000000e+00
2.761144e-01 -3.863676e-01 0.000000e+00
9.372288e-01 -4.450643e-02 0.000000e+00
9.846423e-02 -3.339875e-01 0.000000e+00
7.336404e-01 -2.386003e-01 0.000000e+00
-6.207409e-02 -2.935708e-01 0.000000e+00
5.513889e-01 -4.226258e-01 0.000000e+00
-2.128020e-01 -2.114596e-01 0.000000e+00
-8.791994e-01 9.996445e-03 0.000000e+00
-4.329823e-01 -1.409514e-01 0.000000e+00
8.728049e-01 -8.224347e-02 0.000000e+00
5.042150e-01 -4.519265e-01 0.000000e+00
-6.053290e-01 -7.722706e-02 0.000000e+00
1.000000e+00 -8.061441e-03 0.000000e+00
6.667448e-01 -2.807059e-01 0.000000e+00
8.056190e-01 -1.223324e-01 0.000000e+00
6.057720e-01 -3.183308e-01 0.000000e+00
-1.000000e+00 7.887341e-02 0.000000e+00
3.472398e-01 -3.869315e-01 0.000000e+00
9.376501e-01 2.666577e-02 0.000000e+00
1.682400e-01 -3.284557e-01 0.000000e+00
5.485875e-01 -3.519234e-01 0.000000e+00
7.361345e-01 -1.648606e-01 0.000000e+00
-3.524270e-01 -1.338106e-01 0.000000e+00
8.739769e-01 -1.045590e-02 0.000000e+00
-5.375985e-01 -7.897383e-02 0.000000e+00
1.000000e+00 6.279206e-02 0.000000e+00
6.676273e-01 -2.076741e-01 0.000000e+00
4.869005e-01 -3.869393e-01 0.000000e+00
8.078054e-01 -4.958421e-02 0.000000e+00
6.043942e-01 -2.471391e-01 0.000000e+00
4.157985e-01 -3.888211e-01 0.000000e+00
5.955692e-02 -2.940922e-01 0.000000e+00
9.379573e-01 9.774445e-02 0.000000e+00
-7.069432e-01 -1.330091e-02 0.000000e+00
2.409382e-01 -3.254075e-01 0.000000e+00
7.388897e-01 -9.124511e-02 0.000000e+00
5.471221e-01 -2.817163e-01 0.000000e+00
-7.658270e-01 1.659646e-02 0.000000e+00
-2.564122e-01 -1.557417e-01 0.000000e+00
8.748916e-01 6.109729e-02 0.000000e+00
1.267622e-01 -2.719081e-01 0.000000e+00
-9.390288e-01 1.146544e-01 0.000000e+00
-4.684942e-01 -8.047802e-02 0.000000e+00
4.923151e-01 -3.135036e-01 0.000000e+00
1.000000e+00 1.336456e-01 0.000000e+00
6.694215e-01 -1.342112e-01 0.000000e+00
-8.205097e-01 4.739322e-02 0.000000e+00
-6.371151e-01 -1.415120e-02 0.000000e+00
8.096884e-01 2.280784e-02 0.000000e+00
6.037074e-01 -1.752828e-01 0.000000e+00
2.060597e-01 -2.673585e-01 0.000000e+00
9.381760e-01 1.687543e-01 0.000000e+00
3.144604e-01 -3.237021e-01 0.000000e+00
7.416460e-01 -1.788694e-02 0.000000e+00
4.435705e-01 -3.387959e-01 0.000000e+00
5.443943e-01 -2.118789e-01 0.000000e+00
-8.787873e-01 8.026245e-02 0.000000e+00
8.755840e-01 1.324632e-01 0.000000e+00
-4.071908e-01 -8.619305e-02 0.000000e+00
4.890401e-01 -2.454972e-01 0.000000e+00
1.000000e+00 2.044993e-01 0.000000e+00
-2.858139e-01 -9.136556e-02 0.000000e+00
6.719138e-01 -6.053097e-02 0.000000e+00
-5.706675e-01 -1.643223e-02 0.000000e+00
3.859744e-01 -3.284793e-01 0.000000e+00
8.112409e-01 9.487304e-02 0.000000e+00
4.339406e-01 -2.811726e-01 0.000000e+00
6.041294e-01 -1.026746e-01 0.000000e+00
-1.000000e+00 1.497275e-01 0.000000e+00
9.383285e-01 2.397146e-01 0.000000e+00
7.442106e-01 5.513764e-02 0.000000e+00
5.420365e-01 -1.412744e-01 0.000000e+00
8.760946e-01 2.036845e-01 0.000000e+00
-3.550614e-01 -5.661973e-02 0.000000e+00
1.000000e+00 2.753531e-01 0.000000e+00
4.850800e-01 -1.762118e-01 0.000000e+00
6.747953e-01 1.314927e-02 0.000000e+00
-5.025027e-01 -1.744420e-02 0.000000e+00
8.124759e-01 1.666559e-01 0.000000e+00
4.275131e-01 -2.119005e-01 0.000000e+00
-7.190949e-01 5.161547e-02 0.000000e+00
6.056534e-01 -2.947594e-02 0.000000e+00
9.384329e-01 3.106401e-01 0.000000e+00
3.597875e-01 -2.551707e-01 0.000000e+00
-6.651532e-01 4.984335e-02 0.000000e+00
7.464689e-01 1.278033e-01 0.000000e+00
2.777659e-01 -2.603855e-01 0.000000e+00
-7.624936e-01 8.395134e-02 0.000000e+00
1.869153e-01 -2.346537e-01 0.000000e+00
5.407821e-01 -6.978935e-02 0.000000e+00
8.764628e-01 2.747976e-01 0.000000e+00
-9.389093e-01 1.853962e-01 0.000000e+00
1.000000e+00 3.462070e-01 0.000000e+00
6.777716e-01 8.665857e-02 0.000000e+00
-4.255002e-01 -1.739285e-02 0.000000e+00
4.816576e-01 -1.062185e-01 0.000000e+00
-8.188424e-01 1.169421e-01 0.000000e+00
8.134295e-01 2.382061e-01 0.000000e+00
-6.015366e-01 4.648529e-02 0.000000e+00
4.246460e-01 -1.410013e-01 0.000000e+00
6.080228e-01 4.407699e-02 0.000000e+00
9.385033e-01 3.815416e-01 0.000000e+00
-2.991997e-01 -2.189861e-02 0.000000e+00
7.483725e-01 2.001217e-01 0.000000e+00
3.656878e-01 -1.772178e-01 0.000000e+00
5.408107e-01 2.517302e-03 0.000000e+00
-8.782890e-01 1.506859e-01 0.000000e+00
8.767233e-01 3.458313e-01 0.000000e+00
1.000000e+00 4.170610e-01 0.000000e+00
6.806175e-01 1.598863e-01 0.000000e+00
4.789460e-01 -3.565234e-02 0.000000e+00
-5.373356e-01 4.470728e-02 0.000000e+00
8.141472e-01 3.095712e-01 0.000000e+00
3.093710e-01 -2.049661e-01 0.000000e+00
4.208654e-01 -7.080195e-02 0.000000e+00
6.109065e-01 1.177512e-01 0.000000e+00
-1.000000e+00 2.205820e-01 0.000000e+00
9.385501e-01 4.524268e-01 0.000000e+00
2.366705e-01 -1.843533e-01 0.000000e+00
7.499209e-01 2.721271e-01 0.000000e+00
3.620959e-01 -1.056837e-01 0.000000e+00
-3.565979e-01 1.530536e-02 0.000000e+00
5.420185e-01 7.551139e-02 0.000000e+00
8.769042e-01 4.168083e-01 0.000000e+00
6.831885e-01 2.327774e-01 0.000000e+00
1.000000e+00 4.879151e-01 0.000000e+00
3.064166e-01 -1.446509e-01 0.000000e+00
4.772845e-01 3.569375e-02 0.000000e+00
-4.730238e-01 4.628416e-02 0.000000e+00
-6.968699e-01 1.155697e-01 0.000000e+00
8.146755e-01 3.807938e-01 0.000000e+00
6.140037e-01 1.913501e-01 0.000000e+00
4.173032e-01 -6.868834e-04 0.000000e+00
9.385807e-01 5.233012e-01 0.000000e+00
-6.296970e-01 1.088846e-01 0.000000e+00
7.511430e-01 3.438650e-01 0.000000e+00
-7.581923e-01 1.535045e-01 0.000000e+00
3.584660e-01 -3.481754e-02 0.000000e+00
5.441944e-01 1.489897e-01 0.000000e+00
8.770280e-01 4.877454e-01 0.000000e+00
-9.388316e-01 2.561756e-01 0.000000e+00
6.854093e-01 3.053201e-01 0.000000e+00
1.000000e+00 5.587693e-01 0.000000e+00
2.928080e-01 -6.564129e-02 0.000000e+00
-2.968187e-01 4.409052e-02 0.000000e+00
4.767969e-01 1.079789e-01 0.000000e+00
-8.178009e-01 1.871697e-01 0.000000e+00
8.150567e-01 4.519093e-01 0.000000e+00
-5.682462e-01 1.065667e-01 0.000000e+00
6.170714e-01 2.647273e-01 0.000000e+00
2.712754e-01 -1.281016e-01 0.000000e+00
4.137358e-01 6.994309e-02 0.000000e+00
9.385996e-01 5.941679e-01 0.000000e+00
7.520828e-01 4.153832e-01 0.000000e+00
-4.102985e-01 6.229259e-02 0.000000e+00
3.549566e-01 3.459096e-02 0.000000e+00
5.471148e-01 2.226915e-01 0.000000e+00
-8.779986e-01 2.212779e-01 0.000000e+00
8.771112e-01 5.586549e-01 0.000000e+00
6.872566e-01 3.775336e-01 0.000000e+00
1.000000e+00 6.296236e-01 0.000000e+00
4.778708e-01 1.811443e-01 0.000000e+00
3.000000e-01 0.000000e+00 0.000000e+00
8.153270e-01 5.229460e-01 0.000000e+00
-5.068588e-01 1.047995e-01 0.000000e+00
6.199184e-01 3.377947e-01 0.000000e+00
-1.000000e+00 2.914367e-01 0.000000e+00
9.386021e-01 6.650235e-01 0.000000e+00
4.112254e-01 1.419707e-01 0.000000e+00
-3.458805e-01 8.748871e-02 0.000000e+00
7.527892e-01 4.867269e-01 0.000000e+00
5.504377e-01 2.963538e-01 0.000000e+00
3.470461e-01 1.047674e-01 0.000000e+00
8.771625e-01 6.295448e-01 0.000000e+00
6.887451e-01 4.494548e-01 0.000000e+00
1.000000e+00 7.004779e-01 0.000000e+00
-6.514240e-01 1.640546e-01 0.000000e+00
-6.995373e-01 1.922819e-01 0.000000e+00
2.917207e-01 7.025884e-02 0.000000e+00
4.805696e-01 2.547783e-01 0.000000e+00
8.155146e-01 5.939266e-01 0.000000e+00
-4.531745e-01 1.036305e-01 0.000000e+00
6.224223e-01 4.105205e-01 0.000000e+00
9.385304e-01 7.358138e-01 0.000000e+00
4.121142e-01 2.153343e-01 0.000000e+00
-7.580281e-01 2.244845e-01 0.000000e+00
7.533095e-01 5.579363e-01 0.000000e+00
-5.981001e-01 1.682103e-01 0.000000e+00
2.670964e-01 1.366098e-01 0.000000e+00
3.442451e-01 1.781279e-01 0.000000e+00
5.537579e-01 3.697992e-01 0.000000e+00
8.771591e-01 7.004138e-01 0.000000e+00
-9.387753e-01 3.269762e-01 0.000000e+00
6.899130e-01 5.211287e-01 0.000000e+00
1.000000e+00 7.713324e-01 0.000000e+00
-2.799040e-01 1.079541e-01 0.000000e+00
4.840912e-01 3.284313e-01 0.000000e+00
-8.174895e-01 2.576353e-01 0.000000e+00
8.156332e-01 6.648726e-01 0.000000e+00
2.841279e-01 2.203854e-01 0.000000e+00
6.245378e-01 4.829128e-01 0.000000e+00
-5.358888e-01 1.662701e-01 0.000000e+00
9.381082e-01 8.061167e-01 0.000000e+00
4.155615e-01 2.888810e-01 0.000000e+00
7.536840e-01 6.290476e-01 0.000000e+00
5.568153e-01 4.429515e-01 0.000000e+00
-4.007277e-01 1.436073e-01 0.000000e+00
-8.778257e-01 2.919406e-01 0.000000e+00
8.769323e-01 7.712144e-01 0.000000e+00
6.908086e-01 5.926015e-01 0.000000e+00
1.000000e+00 8.421870e-01 0.000000e+00
3.490611e-01 2.530378e-01 0.000000e+00
4.876450e-01 4.019250e-01 0.000000e+00
8.156413e-01 7.358419e-01 0.000000e+00
-4.722579e-01 1.609480e-01 0.000000e+00
6.262730e-01 5.550012e-01 0.000000e+00
-3.226259e-01 1.564528e-01 0.000000e+00
-1.000000e+00 3.622917e-01 0.000000e+00
9.365445e-01 8.732479e-01 0.000000e+00
4.192925e-01 3.620409e-01 0.000000e+00
7.539337e-01 7.001226e-01 0.000000e+00
5.595150e-01 5.157885e-01 0.000000e+00
-6.374671e-01 2.305323e-01 0.000000e+00
8.758797e-01 8.417346e-01 0.000000e+00
3.535962e-01 3.258863e-01 0.000000e+00
6.914800e-01 6.639247e-01 0.000000e+00
1.000000e+00 8.947913e-01 0.000000e+00
2.276690e-01 1.953625e-01 0.000000e+00
-6.999650e-01 2.619994e-01 0.000000e+00
4.909731e-01 4.752353e-01 0.000000e+00
8.153410e-01 8.070819e-01 0.000000e+00
6.276618e-01 6.268268e-01 0.000000e+00
9.325320e-01 9.386769e-01 0.000000e+00
1.000000e+00 9.473957e-01 0.000000e+00
2.904291e-01 2.939533e-01 0.000000e+00
4.226843e-01 4.350584e-01 0.000000e+00
-7.575217e-01 2.944099e-01 0.000000e+00
7.540135e-01 7.714430e-01 0.000000e+00
-5.667839e-01 2.295598e-01 0.000000e+00
5.618333e-01 5.883118e-01 0.000000e+00
8.724652e-01 9.129393e-01 0.000000e+00
3.571509e-01 3.979538e-01 0.000000e+00
2.306162e-01 2.657560e-01 0.000000e+00
-9.387303e-01 3.977918e-01 0.000000e+00
6.919619e-01 7.352113e-01 0.000000e+00
-2.494994e-01 1.665806e-01 0.000000e+00
4.940290e-01 5.483346e-01 0.000000e+00
-8.170877e-01 3.280314e-01 0.000000e+00
8.146461e-01 8.789497e-01 0.000000e+00
6.287523e-01 6.984525e-01 0.000000e+00
1.000000e+00 1.000000e+00 0.000000e+00
9.291451e-01 1.000000e+00 0.000000e+00
2.946868e-01 3.651506e-01 0.000000e+00
-5.008172e-01 2.254074e-01 0.000000e+00
4.258067e-01 5.080701e-01 0.000000e+00
7.537410e-01 8.444516e-01 0.000000e+00
1.755841e-01 2.432473e-01 0.000000e+00
5.637753e-01 6.605441e-01 0.000000e+00
8.582902e-01 1.000000e+00 0.000000e+00
8.169573e-01 9.433543e-01 0.000000e+00
-8.776624e-01 3.626361e-01 0.000000e+00
2.338804e-01 3.351043e-01 0.000000e+00
3.599056e-01 4.699859e-01 0.000000e+00
6.922393e-01 8.068480e-01 0.000000e+00
4.967862e-01 6.211918e-01 0.000000e+00
-4.326059e-01 2.188175e-01 0.000000e+00
2.976394e-01 4.359689e-01 0.000000e+00
1.748341e-01 3.057210e-01 0.000000e+00
6.296244e-01 7.700422e-01 0.000000e+00
-1.000000e+00 4.331470e-01 0.000000e+00
7.874351e-01 1.000000e+00 0.000000e+00
4.287834e-01 5.810684e-01 0.000000e+00
-2.882378e-01 2.194340e-01 0.000000e+00
7.529068e-01 9.264657e-01 0.000000e+00
-6.515563e-01 2.966168e-01 0.000000e+00
5.653731e-01 7.325623e-01 0.000000e+00
2.371319e-01 4.049453e-01 0.000000e+00
-3.620651e-01 2.161663e-01 0.000000e+00
-5.956797e-01 2.941079e-01 0.000000e+00
3.623080e-01 5.422114e-01 0.000000e+00
6.920088e-01 8.792840e-01 0.000000e+00
1.181067e-01 2.757738e-01 0.000000e+00
-6.976487e-01 3.301842e-01 0.000000e+00
4.992122e-01 6.938046e-01 0.000000e+00
1.762038e-01 3.733635e-01 0.000000e+00
2.995866e-01 5.068924e-01 0.000000e+00
6.305482e-01 8.420397e-01 0.000000e+00
4.316302e-01 6.539982e-01 0.000000e+00
-7.562708e-01 3.642894e-01 0.000000e+00
1.148633e-01 3.372705e-01 0.000000e+00
-5.301937e-01 2.895815e-01 0.000000e+00
2.396150e-01 4.750746e-01 0.000000e+00
5.667363e-01 8.046459e-01 0.000000e+00
3.646758e-01 6.146555e-01 0.000000e+00
-9.386983e-01 4.686210e-01 0.000000e+00
6.882628e-01 9.438551e-01 0.000000e+00
5.012638e-01 7.663043e-01 0.000000e+00
1.788305e-01 4.433998e-01 0.000000e+00
7.165800e-01 1.000000e+00 0.000000e+00
-8.166758e-01 3.985318e-01 0.000000e+00
-2.035489e-01 2.203805e-01 0.000000e+00
3.010348e-01 5.780880e-01 0.000000e+00
5.490253e-02 2.950102e-01 0.000000e+00
6.328782e-01 9.152545e-01 0.000000e+00
-4.628436e-01 2.847996e-01 0.000000e+00
4.342667e-01 7.268477e-01 0.000000e+00
1.149919e-01 4.067049e-01 0.000000e+00
2.410876e-01 5.452746e-01 0.000000e+00
5.683288e-01 8.774984e-01 0.000000e+00
-8.775367e-01 4.333801e-01 0.000000e+00
4.908217e-02 3.602178e-01 0.000000e+00
3.671095e-01 6.872757e-01 0.000000e+00
1.814581e-01 5.139483e-01 0.000000e+00
5.028380e-01 8.393139e-01 0.000000e+00
-3.944505e-01 2.809625e-01 0.000000e+00
3.024256e-01 6.496375e-01 0.000000e+00
6.457247e-01 1.000000e+00 0.000000e+00
-1.000000e+00 5.040026e-01 0.000000e+00
4.364312e-01 7.998711e-01 0.000000e+00
-6.295069e-01 3.609253e-01 0.000000e+00
-1.095661e-02 2.997999e-01 0.000000e+00
1.180527e-01 4.793076e-01 0.000000e+00
2.418087e-01 6.155913e-01 0.000000e+00
5.716455e-01 9.509255e-01 0.000000e+00
-2.547251e-01 2.789480e-01 0.000000e+00
3.694705e-01 7.601015e-01 0.000000e+00
-5.588298e-01 3.529878e-01 0.000000e+00
4.939668e-02 4.366073e-01 0.000000e+00
-3.254541e-01 2.796672e-01 0.000000e+00
-6.940797e-01 4.002772e-01 0.000000e+00
-2.901975e-02 3.807811e-01 0.000000e+00
1.831595e-01 5.841926e-01 0.000000e+00
5.037644e-01 9.147235e-01 0.000000e+00
3.039805e-01 7.215690e-01 0.000000e+00
1.218766e-01 5.516429e-01 0.000000e+00
4.373369e-01 8.740055e-01 0.000000e+00
-7.555923e-01 4.347772e-01 0.000000e+00
-8.086700e-02 2.889598e-01 0.000000e+00
-1.126476e-01 3.692302e-01 0.000000e+00
2.422327e-01 6.861890e-01 0.000000e+00
-4.926126e-01 3.491040e-01 0.000000e+00
5.748693e-01 1.000000e+00 0.000000e+00
3.710917e-01 8.336225e-01 0.000000e+00
5.570000e-02 5.141495e-01 0.000000e+00
-9.386749e-01 5.394622e-01 0.000000e+00
1.837590e-01 6.541171e-01 0.000000e+00
-1.551630e-01 3.164529e-01 0.000000e+00
-1.462750e-01 2.619281e-01 0.000000e+00
-1.966828e-01 2.815827e-01 0.000000e+00
5.040138e-01 1.000000e+00 0.000000e+00
-1.381710e-02 4.726082e-01 0.000000e+00
-8.164712e-01 4.691957e-01 0.000000e+00
3.055618e-01 7.939337e-01 0.000000e+00
1.245069e-01 6.226646e-01 0.000000e+00
-4.241300e-01 3.456327e-01 0.000000e+00
4.356730e-01 9.493499e-01 0.000000e+00
2.427299e-01 7.572103e-01 0.000000e+00
-8.463383e-02 4.413678e-01 0.000000e+00
-8.774561e-01 5.041701e-01 0.000000e+00
6.095297e-02 5.881565e-01 0.000000e+00
3.700198e-01 9.099220e-01 0.000000e+00
1.836432e-01 7.240326e-01 0.000000e+00
-1.744220e-01 3.690322e-01 0.000000e+00
-3.553358e-01 3.436388e-01 0.000000e+00
-2.175839e-01 3.319182e-01 0.000000e+00
3.062918e-01 8.667549e-01 0.000000e+00
-5.280228e-03 5.500280e-01 0.000000e+00
1.256477e-01 6.927675e-01 0.000000e+00
-5.817358e-01 4.093601e-01 0.000000e+00
-1.549637e-01 4.256417e-01 0.000000e+00
-1.000000e+00 5.748585e-01 0.000000e+00
-6.330672e-01 4.389410e-01 0.000000e+00
-6.929974e-02 5.148693e-01 0.000000e+00
4.331582e-01 1.000000e+00 0.000000e+00
2.434027e-01 8.286124e-01 0.000000e+00
6.437113e-02 6.599371e-01 0.000000e+00
-2.846613e-01 3.412145e-01 0.000000e+00
3.623026e-01 1.000000e+00 0.000000e+00
-5.234215e-01 4.127460e-01 0.000000e+00
-6.947494e-01 4.720781e-01 0.000000e+00
1.833209e-01 7.942605e-01 0.000000e+00
-1.330063e-01 4.943206e-01 0.000000e+00
3.039314e-01 9.385488e-01 0.000000e+00
-7.399330e-04 6.232480e-01 0.000000e+00
1.256715e-01 7.624941e-01 0.000000e+00
-2.307485e-01 4.045340e-01 0.000000e+00
-7.556401e-01 5.055545e-01 0.000000e+00
-6.408900e-02 5.847129e-01 0.000000e+00
2.443111e-01 8.988726e-01 0.000000e+00
-4.539318e-01 4.105409e-01 0.000000e+00
6.634031e-02 7.306222e-01 0.000000e+00
-1.999997e-01 4.808110e-01 0.000000e+00
-1.148006e-01 5.521983e-01 0.000000e+00
-9.386567e-01 6.103153e-01 0.000000e+00
1.832361e-01 8.651362e-01 0.000000e+00
2.327093e-03 6.952744e-01 0.000000e+00
-8.163319e-01 5.399643e-01 0.000000e+00
1.251081e-01 8.321515e-01 0.000000e+00
-3.834021e-01 4.090700e-01 0.000000e+00
2.914468e-01 1.000000e+00 0.000000e+00
-1.790440e-01 5.568028e-01 0.000000e+00
-6.383589e-02 6.554615e-01 0.000000e+00
-3.113964e-01 4.081391e-01 0.000000e+00
2.484953e-01 9.558048e-01 0.000000e+00
6.719433e-02 8.008205e-01 0.000000e+00
-2.690577e-01 4.732702e-01 0.000000e+00
-8.773773e-01 5.750042e-01 0.000000e+00
-1.251494e-01 6.121967e-01 0.000000e+00
1.838822e-01 9.395518e-01 0.000000e+00
5.044322e-03 7.669290e-01 0.000000e+00
-5.652539e-01 4.787923e-01 0.000000e+00
1.242797e-01 9.006505e-01 0.000000e+00
-6.346967e-01 5.115841e-01 0.000000e+00
-1.000000e+00 6.457147e-01 0.000000e+00
-2.379473e-01 5.287058e-01 0.000000e+00
-6.198999e-02 7.280695e-01 0.000000e+00
2.205909e-01 1.000000e+00 0.000000e+00
6.741864e-02 8.708688e-01 0.000000e+00
-3.399012e-01 4.745204e-01 0.000000e+00
-1.291586e-01 6.843846e-01 0.000000e+00
-6.954267e-01 5.430234e-01 0.000000e+00
-4.853904e-01 4.768411e-01 0.000000e+00
7.420685e-03 8.385887e-01 0.000000e+00
-1.910833e-01 6.363936e-01 0.000000e+00
-2.960650e-01 5.364765e-01 0.000000e+00
-2.471993e-01 5.886213e-01 0.000000e+00
1.206036e-01 9.564087e-01 0.000000e+00
1.497350e-01 1.000000e+00 0.000000e+00
-5.853583e-02 8.013362e-01 0.000000e+00
-4.119703e-01 4.751883e-01 0.000000e+00
-7.552710e-01 5.764175e-01 0.000000e+00
6.811066e-02 9.401055e-01 0.000000e+00
-1.285442e-01 7.583002e-01 0.000000e+00
-9.386770e-01 6.811730e-01 0.000000e+00
9.745706e-03 9.115404e-01 0.000000e+00
-8.160249e-01 6.108966e-01 0.000000e+00
-3.658200e-01 5.412035e-01 0.000000e+00
-1.968302e-01 7.104327e-01 0.000000e+00
-3.153330e-01 6.035093e-01 0.000000e+00
-2.592496e-01 6.593667e-01 0.000000e+00
-5.319449e-02 8.755103e-01 0.000000e+00
7.887889e-02 1.000000e+00 0.000000e+00
-8.773049e-01 6.458968e-01 0.000000e+00
-1.244457e-01 8.347034e-01 0.000000e+00
-5.796161e-01 5.575095e-01 0.000000e+00
8.022722e-03 1.000000e+00 0.000000e+00
-4.389737e-01 5.432925e-01 0.000000e+00
-5.123625e-01 5.464505e-01 0.000000e+00
-1.974859e-01 7.853808e-01 0.000000e+00
-6.374810e-01 5.816880e-01 0.000000e+00
-4.243773e-02 9.420265e-01 0.000000e+00
-1.000000e+00 7.165711e-01 0.000000e+00
-3.877169e-01 6.108554e-01 0.000000e+00
-2.667763e-01 7.328528e-01 0.000000e+00
-3.304321e-01 6.750897e-01 0.000000e+00
-1.149683e-01 9.217711e-01 0.000000e+00
-6.937780e-01 6.140961e-01 0.000000e+00
-1.945549e-01 8.626671e-01 0.000000e+00
-7.539608e-01 6.479788e-01 0.000000e+00
-6.283354e-02 1.000000e+00 0.000000e+00
-4.620351e-01 6.136966e-01 0.000000e+00
-2.686183e-01 8.089931e-01 0.000000e+00
-4.062650e-01 6.847434e-01 0.000000e+00
-3.407691e-01 7.513262e-01 0.000000e+00
-9.388843e-01 7.519799e-01 0.000000e+00
-8.157704e-01 6.820742e-01 0.000000e+00
-1.946653e-01 9.370116e-01 0.000000e+00
-1.336899e-01 1.000000e+00 0.000000e+00
-5.327446e-01 6.149306e-01 0.000000e+00
-2.648999e-01 8.858643e-01 0.000000e+00
-8.774766e-01 7.167907e-01 0.000000e+00
-5.888317e-01 6.158486e-01 0.000000e+00
-4.852443e-01 6.848304e-01 0.000000e+00
-3.410946e-01 8.328864e-01 0.000000e+00
-4.262794e-01 7.700173e-01 0.000000e+00
-6.303828e-01 6.515175e-01 0.000000e+00
-1.000000e+00 7.874279e-01 0.000000e+00
-2.045464e-01 1.000000e+00 0.000000e+00
-2.546366e-01 9.495759e-01 0.000000e+00
-5.614636e-01 6.755962e-01 0.000000e+00
-6.887300e-01 6.881647e-01 0.000000e+00
-3.298548e-01 9.227979e-01 0.000000e+00
-5.197553e-01 7.509925e-01 0.000000e+00
-4.088448e-01 8.613150e-01 0.000000e+00
-7.534920e-01 7.202734e-01 0.000000e+00
-2.754029e-01 1.000000e+00 0.000000e+00
-4.813601e-01 8.269104e-01 0.000000e+00
-9.396285e-01 8.225396e-01 0.000000e+00
-8.166852e-01 7.531116e-01 0.000000e+00
-3.462596e-01 1.000000e+00 0.000000e+00
-4.076988e-01 9.349336e-01 0.000000e+00
-6.111022e-01 7.365583e-01 0.000000e+00
-5.584487e-01 8.139498e-01 0.000000e+00
-4.595305e-01 8.886050e-01 0.000000e+00
-8.785173e-01 7.874154e-01 0.000000e+00
-5.200860e-01 8.818423e-01 0.000000e+00
-1.000000e+00 8.582850e-01 0.000000e+00
-4.171163e-01 1.000000e+00 0.000000e+00
-6.904371e-01 7.634309e-01 0.000000e+00
-6.348841e-01 8.164459e-01 0.000000e+00
-4.754400e-01 9.419853e-01 0.000000e+00
-5.923250e-01 8.772991e-01 0.000000e+00
-5.559539e-01 9.469710e-01 0.000000e+00
-7.574161e-01 7.913366e-01 0.000000e+00
-4.879732e-01 1.000000e+00 0.000000e+00
-7.038282e-01 8.328213e-01 0.000000e+00
-9.414147e-01 8.922288e-01 0.000000e+00
-6.619864e-01 8.815428e-01 0.000000e+00
-8.200871e-01 8.230399e-01 0.000000e+00
-6.273823e-01 9.302416e-01 0.000000e+00
-5.588301e-01 1.000000e+00 0.000000e+00
-8.812160e-01 8.572862e-01 0.000000e+00
-6.296872e-01 1.000000e+00 0.000000e+00
-7.195286e-01 8.890211e-01 0.000000e+00
-7.654525e-01 8.585637e-01 0.000000e+00
-6.973433e-01 9.469249e-01 0.000000e+00
-1.000000e+00 9.291423e-01 0.000000e+00
-7.690474e-01 9.241423e-01 0.000000e+00
-8.254431e-01 8.912099e-01 0.000000e+00
-7.005443e-01 1.000000e+00 0.000000e+00
-9.445809e-01 9.582406e-01 0.000000e+00
-7.714015e-01 1.000000e+00 0.000000e+00
-8.861519e-01 9.262696e-01 0.000000e+00
-8.318364e-01 9.570412e-01 0.000000e+00
-1.000000e+00 1.000000e+00 0.000000e+00
-8.422589e-01 1.000000e+00 0.000000e+00
-8.948393e-01 1.000000e+00 0.000000e+00
-9.474196e-01 1.000000e+00 0.000000e+00
END
TRIANGLE
mesh
1682
1 2 3
3 2 4
4 2 5
4 5 6
4 6 7
1 3 8
4 7 9
1 8 10
3 4 9
9 7 11
10 8 12
10 12 13
8 3 14
9 11 15
13 12 16
3 9 14
13 16 17
12 8 18
17 16 19
8 14 18
15 11 20
17 19 21
16 12 22
14 9 15
21 19 23
12 18 22
21 23 24
19 16 25
18 14 26
15 20 27
24 23 28
14 15 26
16 22 25
24 28 29
23 19 30
22 18 31
29 28 32
19 25 30
18 26 31
27 20 33
29 32 34
28 23 35
26 15 36
25 22 37
34 32 38
23 30 35
22 31 37
34 38 39
15 27 36
32 28 40
30 25 41
31 26 42
27 33 43
39 38 44
28 35 40
25 37 41
26 36 42
39 44 45
38 32 46
35 30 47
37 31 48
45 44 49
32 40 46
36 27 50
30 41 47
31 42 48
43 33 51
45 49 52
44 38 53
40 35 54
41 37 55
42 36 56
52 49 57
38 46 53
35 47 54
37 48 55
50 27 43
52 57 58
49 44 59
36 50 56
46 40 60
47 41 61
43 51 62
48 42 63
58 57 64
44 53 59
40 54 60
41 55 61
42 56 63
58 64 65
57 49 66
53 46 67
54 47 68
55 48 69
50 43 70
65 64 71
49 59 66
56 50 70
46 60 67
47 61 68
62 51 72
48 63 69
65 71 73
64 57 74
59 53 75
60 54 76
61 55 77
63 56 78
73 71 79
57 66 74
53 67 75
54 68 76
70 43 62
55 69 77
73 79 80
71 64 81
56 70 78
66 59 82
67 60 83
62 72 84
68 61 85
69 63 86
80 79 87
64 74 81
59 75 82
60 76 83
61 77 85
63 78 86
80 87 88
79 71 89
74 66 90
75 67 91
70 62 92
76 68 93
77 69 94
88 87 95
71 81 89
78 70 96
66 82 90
67 83 91
84 72 97
68 85 93
69 86 94
88 95 98
87 79 99
81 74 100
82 75 101
83 76 102
85 77 103
98 95 104
86 78 105
79 89 99
70 92 96
74 90 100
92 62 84
75 91 101
76 93 102
77 94 103
98 104 106
95 87 107
89 81 108
78 96 105
90 82 109
84 97 110
91 83 111
93 85 112
106 104 113
94 86 114
87 99 107
81 100 108
82 101 109
83 102 111
85 103 112
106 113 115
104 95 116
86 105 114
99 89 117
96 92 118
100 90 119
92 84 118
101 91 120
102 93 121
115 113 122
103 94 123
95 107 116
89 108 117
105 96 124
90 109 119
110 97 125
91 111 120
93 112 121
115 122 126
113 104 127
94 114 123
107 99 128
108 100 129
109 101 130
111 102 131
126 122 132
112 103 133
104 116 127
96 118 124
114 105 134
118 84 110
99 117 128
100 119 129
101 120 130
102 121 131
126 132 135
122 113 136
103 123 133
116 107 137
117 108 138
105 124 134
110 125 139
119 109 140
120 111 141
135 132 142
121 112 143
113 127 136
123 114 144
107 128 137
108 129 138
109 130 140
111 131 141
135 142 145
132 122 146
112 133 143
124 118 147
127 116 148
114 134 144
118 110 149
128 117 150
129 119 151
130 120 152
145 142 153
131 121 154
122 136 146
133 123 155
116 137 148
117 138 150
139 125 156
134 124 157
119 140 151
120 141 152
145 153 158
142 132 159
121 143 154
136 127 160
123 144 155
137 128 161
138 129 162
147 118 149
140 130 163
158 153 164
141 131 165
132 146 159
124 147 157
143 133 166
127 148 160
149 110 139
144 134 167
128 150 161
129 151 162
130 152 163
158 164 168
153 142 169
131 154 165
146 136 170
133 155 166
148 137 171
139 156 172
150 138 173
134 157 167
151 140 174
168 164 175
152 141 176
142 159 169
154 143 177
136 160 170
155 144 178
137 161 171
147 149 179
138 162 173
140 163 174
168 175 180
164 153 181
141 165 176
157 147 179
159 146 182
143 166 177
149 139 183
160 148 184
144 167 178
161 150 185
162 151 186
180 175 187
163 152 188
153 169 181
165 154 189
146 170 182
166 155 190
148 171 184
172 156 191
150 173 185
167 157 192
151 174 186
180 187 193
175 164 194
152 176 188
169 159 195
154 177 189
170 160 196
179 149 183
155 178 190
171 161 197
193 198 199
173 162 200
174 163 201
164 181 194
176 165 202
157 179 192
183 139 172
159 182 195
177 166 203
193 187 198
160 184 196
178 167 204
161 185 197
162 186 200
187 175 205
163 188 201
181 169 206
165 189 202
199 198 207
199 207 208
182 170 209
166 190 203
172 191 210
184 171 211
167 192 204
185 173 212
186 174 213
207 198 214
214 198 215
175 194 205
188 176 216
169 195 206
189 177 217
179 183 218
170 196 209
190 178 219
171 197 211
173 200 212
198 187 215
174 201 213
194 181 220
192 179 218
176 202 216
183 172 221
214 215 222
195 182 223
177 203 217
196 184 224
178 204 219
197 185 225
200 186 226
187 205 215
201 188 227
181 206 220
202 189 228
182 209 223
210 191 229
203 190 230
184 211 224
204 192 231
185 212 225
186 213 226
205 194 232
218 183 221
188 216 227
206 195 233
189 217 228
209 196 234
190 219 230
211 197 235
192 218 231
212 200 236
213 201 237
221 172 210
194 220 232
215 205 238
222 215 239
216 202 240
195 223 233
217 203 241
196 224 234
219 204 242
197 225 235
200 226 236
201 227 237
220 206 243
202 228 240
210 229 244
222 239 245
223 209 246
239 215 238
203 230 241
224 211 247
238 205 232
204 231 242
225 212 248
226 213 249
218 221 250
227 216 251
206 233 243
245 239 252
228 217 253
209 234 246
230 219 254
211 235 247
231 218 255
212 236 248
239 238 256
213 237 249
221 210 257
232 220 258
216 240 251
233 223 259
245 252 260
217 241 253
234 224 261
219 242 254
252 239 256
238 232 256
235 225 262
236 226 263
237 227 264
220 243 258
244 229 265
240 228 266
260 252 267
223 246 259
218 250 255
241 230 268
224 247 261
256 232 258
242 231 269
225 248 262
250 221 257
252 256 270
226 249 263
227 251 264
243 233 271
260 267 272
228 253 266
246 234 273
230 254 268
247 235 274
267 252 270
231 255 269
248 236 275
257 210 244
249 237 276
251 240 277
270 256 278
256 258 278
272 267 279
233 259 271
253 241 280
234 261 273
254 242 281
235 262 274
258 243 282
236 263 275
267 270 283
237 264 276
244 265 284
272 279 285
240 266 277
259 246 286
241 268 280
270 278 287
278 258 282
255 250 288
261 247 289
279 267 283
242 269 281
250 257 290
262 248 291
263 249 292
282 243 271
264 251 293
285 279 294
283 270 287
266 253 295
246 273 286
268 254 296
247 274 289
269 255 297
287 278 282
257 244 298
248 275 291
279 283 299
249 276 292
285 294 300
251 277 293
271 259 301
253 280 295
273 261 302
283 287 303
294 279 299
254 281 296
274 262 304
287 282 305
275 263 306
284 265 307
288 250 290
276 264 308
282 271 305
300 294 309
277 266 310
299 283 303
255 288 297
259 286 301
280 268 311
261 289 302
290 257 298
281 269 312
262 291 304
303 287 305
294 299 313
263 292 306
300 309 314
264 293 308
305 271 301
266 295 310
286 273 315
309 294 313
268 296 311
299 303 316
289 274 317
298 244 284
269 297 312
291 275 318
292 276 319
303 305 320
314 309 321
293 277 322
313 299 316
295 280 323
273 302 315
296 281 324
274 304 317
309 313 325
316 303 320
275 306 318
288 290 326
284 307 327
314 321 328
276 308 319
277 310 322
305 301 329
320 305 329
297 288 330
301 286 331
321 309 325
280 311 323
290 298 332
313 316 333
302 289 334
281 312 324
304 291 335
306 292 336
328 321 337
308 293 338
316 320 339
325 313 333
310 295 340
286 315 331
311 296 341
298 284 342
289 317 334
321 325 343
329 301 331
312 297 344
320 329 345
291 318 335
333 316 339
328 337 346
292 319 336
293 322 338
337 321 343
295 323 340
339 320 345
325 333 347
315 302 348
288 326 330
296 324 341
326 290 332
317 304 349
327 307 350
318 306 351
346 337 352
319 308 353
343 325 347
345 329 354
329 331 354
333 339 355
297 330 344
322 310 356
332 298 342
323 311 357
302 334 348
324 312 358
337 343 359
339 345 360
304 335 349
331 361 354
347 333 355
346 352 362
306 336 351
308 338 353
331 315 361
352 337 359
310 340 356
345 354 363
343 347 364
355 339 360
311 341 357
342 284 327
334 317 365
312 344 358
335 318 366
362 352 367
336 319 368
359 343 364
360 345 363
347 355 369
338 322 370
340 323 371
330 326 372
326 332 373
315 348 361
341 324 374
352 359 375
317 349 365
327 350 376
363 354 361
364 347 369
355 360 377
362 367 378
318 351 366
319 379 368
367 352 375
344 330 380
322 356 381
332 342 382
359 364 383
360 363 384
323 357 371
369 355 377
348 334 385
324 358 374
349 335 386
378 367 387
375 359 383
351 336 388
377 360 384
364 369 389
370 322 381
353 338 390
363 361 391
356 340 392
342 327 393
357 341 394
367 375 395
361 348 396
334 365 385
384 363 391
383 364 389
358 344 397
378 387 398
369 377 399
335 366 386
372 326 373
336 368 388
338 370 390
330 372 380
387 367 395
373 332 382
375 383 400
377 384 401
389 369 399
391 361 396
341 374 394
376 350 402
365 349 403
398 387 404
395 375 400
366 351 405
396 348 385
384 391 406
383 389 407
319 353 379
399 377 401
344 380 397
353 390 379
381 356 392
382 342 393
371 357 408
387 395 409
400 383 407
374 358 410
401 384 406
398 404 411
349 386 403
389 399 412
391 396 413
351 388 405
404 387 409
395 400 414
393 327 376
406 391 413
407 389 412
399 401 415
357 394 408
385 365 416
368 379 417
368 417 388
411 404 418
372 373 419
358 397 410
409 395 414
396 385 413
386 366 420
400 407 421
401 406 422
380 372 419
412 399 415
373 382 423
340 371 424
404 409 425
388 417 426
388 426 405
392 340 424
376 402 427
414 400 421
394 374 428
424 371 408
406 413 429
411 418 430
413 385 416
365 403 416
415 401 422
407 412 431
366 405 420
418 404 425
382 393 432
397 380 433
409 414 434
422 406 429
421 407 431
412 415 435
426 436 405
430 418 437
374 410 428
425 409 434
403 386 438
414 421 439
429 413 440
415 422 441
413 416 440
431 412 435
393 376 442
418 425 443
419 373 423
434 414 439
408 394 444
422 429 445
430 437 446
424 408 447
421 431 448
380 419 433
435 415 441
410 397 449
386 420 438
416 403 450
423 382 432
437 418 443
425 434 451
439 421 448
429 440 452
441 422 445
440 416 450
431 435 453
427 402 454
446 437 455
394 428 444
443 425 451
434 439 456
445 429 452
420 405 436
432 393 442
448 431 453
435 441 457
397 433 449
450 403 438
437 443 458
447 408 459
451 434 456
446 455 460
441 445 461
452 440 450
439 448 462
428 410 463
453 435 457
455 437 458
443 451 464
442 376 427
456 439 462
445 452 465
419 423 466
457 441 461
448 453 467
460 455 468
408 444 459
452 450 469
458 443 464
433 419 470
451 456 471
410 449 463
438 420 472
423 432 473
461 445 465
426 474 436
462 448 467
453 457 475
455 458 476
450 438 469
464 451 471
427 454 477
460 468 478
465 452 469
456 462 479
444 428 480
457 461 481
467 453 475
468 455 476
432 442 482
420 436 472
458 464 483
449 433 484
471 456 479
461 465 485
462 467 486
475 457 481
469 438 472
478 468 487
447 459 488
476 458 483
428 463 480
464 471 489
465 469 490
419 466 470
479 462 486
481 461 485
466 423 473
467 475 491
442 427 492
468 476 493
483 464 489
478 487 494
471 479 495
485 465 490
433 470 484
475 481 496
486 467 491
473 432 482
459 444 480
463 449 497
487 468 493
476 483 498
489 471 495
490 469 499
469 472 499
481 485 500
479 486 501
477 454 502
491 475 496
494 487 503
493 476 498
472 436 504
483 489 505
482 442 492
485 490 506
488 459 507
495 479 501
436 474 504
496 481 500
486 491 508
449 484 497
487 493 509
498 483 505
489 495 510
494 503 511
490 499 512
499 472 504
500 485 506
501 486 508
491 496 513
480 463 514
470 466 515
503 487 509
459 480 507
466 473 515
493 498 516
505 489 510
492 427 477
506 490 512
495 501 517
496 500 518
508 491 513
511 503 519
509 493 516
484 470 520
498 505 521
473 482 522
512 499 504
510 495 517
463 497 514
500 506 523
501 508 524
513 496 518
503 509 525
516 498 521
477 502 526
505 510 527
511 519 528
506 512 529
517 501 524
518 500 523
488 507 530
508 513 531
519 503 525
482 492 532
509 516 533
521 505 527
497 484 534
510 517 535
512 504 536
523 506 529
513 518 537
524 508 531
528 519 538
525 509 533
512 536 529
470 515 520
516 521 539
515 473 522
507 480 540
527 510 535
480 514 540
518 523 541
517 524 542
492 477 543
531 513 537
519 525 544
533 516 539
521 527 545
528 538 546
535 517 542
484 520 534
522 482 532
537 518 541
524 531 547
538 519 544
523 529 548
525 533 549
514 497 550
539 521 545
527 535 551
526 502 552
541 523 548
542 524 547
546 538 553
531 537 554
530 507 555
544 525 549
533 539 556
545 527 551
532 492 543
535 542 557
537 541 558
547 531 554
497 534 550
538 544 559
549 533 556
539 545 560
546 553 561
551 535 557
520 515 562
515 522 563
541 548 564
541 564 558
542 547 565
553 538 559
554 537 558
507 540 555
544 549 566
540 514 567
556 539 560
543 477 526
545 551 568
557 542 565
561 553 569
547 554 570
559 544 566
522 532 571
549 556 572
534 520 573
558 564 574
558 574 575
560 545 568
551 557 576
514 550 567
554 558 575
565 547 570
553 559 577
566 549 572
526 552 578
556 560 579
561 569 580
568 551 576
530 555 581
557 565 582
532 543 583
569 553 577
570 554 575
559 566 584
572 556 579
574 585 575
562 515 563
560 568 586
550 534 587
576 557 582
580 569 588
520 562 573
565 570 589
577 559 584
563 522 571
566 572 590
579 560 586
568 576 591
540 592 555
543 526 593
582 565 589
569 577 594
584 566 590
572 579 595
580 588 596
570 575 597
586 568 591
571 532 583
534 573 587
576 582 598
588 569 594
589 570 597
577 584 599
567 550 600
590 572 595
579 586 601
581 555 602
591 576 598
578 552 603
596 588 604
582 589 605
594 577 599
584 590 606
595 579 601
583 543 593
540 567 592
586 591 607
597 575 585
562 563 608
598 582 605
588 594 609
599 584 606
550 587 600
589 597 610
590 595 611
612 596 604
573 562 608
601 586 607
574 613 585
563 571 614
591 598 615
604 588 609
594 599 616
605 589 610
606 590 611
593 526 578
595 601 617
612 618 619
607 591 615
597 585 620
598 605 621
609 594 616
571 583 622
599 606 623
587 573 624
610 597 620
611 595 617
601 607 625
612 604 618
567 600 592
615 598 621
604 609 626
616 599 623
605 610 627
585 613 628
578 603 629
606 611 630
617 601 625
581 602 631
607 615 632
555 592 602
620 585 628
583 593 633
608 563 614
621 605 627
609 616 634
623 606 630
618 604 626
611 617 635
636 619 637
637 619 618
610 620 638
573 608 624
600 587 639
625 607 632
615 621 640
614 571 622
626 609 634
616 623 641
628 613 642
627 610 638
630 611 635
617 625 643
637 618 644
644 618 626
644 626 645
593 578 646
632 615 640
620 628 647
634 616 641
621 627 648
623 630 649
635 617 643
638 620 647
622 583 633
625 632 650
587 624 639
592 600 651
640 621 648
626 634 645
641 623 649
627 638 652
628 642 653
630 635 654
643 625 650
629 603 655
644 645 656
632 640 657
631 602 658
647 628 653
634 641 659
648 627 652
649 630 654
608 614 660
633 593 646
635 643 661
638 647 662
602 592 663
650 632 657
600 639 651
624 608 664
640 648 665
645 634 659
641 649 666
653 642 667
652 638 662
614 622 668
654 635 661
643 650 669
657 640 665
647 653 670
659 641 666
648 652 671
646 578 629
649 654 672
661 643 669
662 647 670
650 657 673
622 633 674
665 648 671
653 667 675
645 659 656
639 624 676
666 649 672
592 651 663
652 662 677
654 661 678
669 650 673
657 665 679
670 653 675
629 655 680
659 666 681
671 652 677
608 660 664
672 654 678
660 614 668
661 669 682
662 670 683
656 659 684
633 646 685
673 657 679
631 658 686
602 663 658
665 671 687
675 667 688
666 672 689
677 662 683
678 661 682
651 639 690
624 664 676
659 681 684
669 673 691
668 622 674
670 675 692
679 665 687
681 666 689
671 677 693
672 678 694
682 669 691
646 629 695
683 670 692
675 688 696
673 679 697
687 671 693
689 672 694
677 683 698
674 633 685
678 682 699
639 676 690
663 651 700
691 673 697
692 675 696
679 687 701
693 677 698
681 689 702
684 681 702
694 678 699
680 655 703
682 691 704
664 660 705
696 688 706
683 692 707
660 668 705
697 679 701
687 693 708
685 646 695
689 694 709
698 683 707
699 682 704
686 658 710
691 697 711
676 664 712
692 696 713
701 687 708
658 663 714
651 690 700
668 674 715
696 706 716
693 698 717
702 689 709
694 699 718
704 691 711
707 692 713
697 701 719
695 629 680
708 693 717
709 694 718
698 707 720
699 704 721
674 685 722
711 697 719
716 706 723
716 723 724
713 696 716
663 700 714
701 708 725
690 676 726
717 698 720
702 709 727
718 699 721
704 711 728
707 713 729
664 705 712
680 703 730
719 701 725
705 668 715
708 717 731
724 723 732
732 723 733
732 733 734
709 718 735
686 710 734
686 734 733
720 707 729
721 704 728
713 716 736
685 695 737
727 709 735
711 719 738
725 708 731
717 720 739
676 712 726
700 690 740
718 721 741
715 674 722
658 714 710
728 711 738
729 713 736
719 725 742
731 717 739
716 724 743
736 716 743
695 680 744
720 729 745
721 728 746
735 718 741
738 719 742
725 731 747
722 685 737
739 720 745
724 732 748
714 700 749
741 721 746
690 726 740
732 750 748
728 738 751
729 736 752
742 725 747
731 739 753
712 705 754
743 724 755
730 703 756
705 715 757
736 743 758
746 728 751
745 729 752
735 741 759
738 742 760
747 731 753
737 695 744
724 748 755
734 710 750
739 745 761
710 714 762
741 746 763
732 734 750
751 738 760
726 712 764
715 722 765
700 740 749
742 747 766
752 736 758
753 739 761
759 741 763
743 755 767
758 743 767
746 751 768
745 752 769
750 710 762
744 680 730
760 742 766
747 753 770
748 750 771
755 748 771
761 745 769
762 714 749
722 737 772
752 758 773
751 760 774
754 705 757
766 747 770
740 726 775
753 761 776
746 768 763
767 755 777
712 754 764
758 767 778
768 751 774
757 715 765
769 752 773
730 756 779
760 766 780
770 753 776
750 762 771
755 771 777
761 769 781
737 744 782
773 758 778
774 760 780
766 770 783
776 761 781
749 740 784
765 722 772
726 764 775
763 768 785
767 786 778
769 773 787
771 762 788
768 774 789
762 749 788
780 766 783
770 776 790
777 771 791
744 730 792
781 769 787
773 778 793
785 768 789
767 777 786
774 780 794
783 770 790
772 737 782
776 781 795
754 757 796
771 788 791
740 775 784
788 749 784
787 773 793
789 774 794
780 783 797
764 754 796
790 776 795
757 765 798
779 756 799
777 791 800
793 778 786
781 787 801
786 777 800
785 789 802
794 780 797
782 744 792
783 790 803
795 781 801
791 788 804
787 793 805
765 772 806
775 764 807
789 794 802
797 783 803
790 795 808
793 786 809
800 791 810
788 784 804
801 787 805
786 800 811
792 730 779
794 797 812
803 790 808
802 794 813
795 801 814
796 757 798
784 775 815
772 782 816
791 804 810
805 793 809
797 803 817
764 796 807
808 795 814
809 786 811
794 812 813
800 810 811
798 765 806
804 784 815
801 805 818
779 799 819
812 797 817
803 808 820
815 775 807
782 792 821
814 801 818
810 804 822
805 809 823
817 803 820
811 810 824
809 811 825
806 772 816
808 814 826
813 812 827
804 815 822
818 805 823
812 817 827
820 808 826
792 779 828
814 818 829
810 822 824
823 809 825
796 798 830
817 820 831
816 782 821
825 811 824
826 814 829
827 817 831
822 815 832
807 796 833
818 823 834
815 807 832
798 806 835
820 826 836
819 799 837
824 822 838
823 825 839
829 818 834
825 824 840
821 792 828
826 829 841
831 820 836
822 832 838
806 816 842
834 823 839
832 807 833
836 826 841
833 796 830
839 825 840
824 838 840
829 834 843
828 779 819
830 798 835
816 821 844
841 829 843
831 836 845
838 832 846
834 839 847
836 841 845
840 838 848
839 840 849
835 806 842
819 837 850
832 833 846
843 834 847
821 828 851
841 843 852
838 846 848
845 841 853
847 839 849
842 816 844
840 848 849
833 830 854
846 833 854
843 847 855
841 852 853
828 819 856
830 835 857
848 846 858
847 849 859
852 843 855
849 848 860
844 821 851
854 830 857
846 854 858
835 842 861
855 847 859
850 837 862
853 852 863
848 858 860
859 849 860
852 855 864
851 828 856
857 835 861
858 854 865
842 844 866
863 852 864
855 859 867
854 857 865
860 858 868
859 860 869
856 819 850
864 855 867
844 851 870
858 865 868
861 842 866
867 859 869
863 864 871
865 857 861
860 868 872
869 860 872
850 862 873
867 871 864
851 856 874
867 875 871
867 869 876
868 865 877
865 861 877
866 844 870
872 868 878
869 872 879
856 850 880
875 867 876
876 869 879
868 877 878
870 851 874
877 861 866
872 878 881
879 872 881
873 862 882
875 876 883
877 866 884
878 877 885
876 879 886
874 856 880
866 870 884
881 878 887
879 881 886
883 876 886
885 877 884
878 885 887
880 850 873
886 881 888
870 874 889
884 870 889
881 887 888
883 886 890
885 884 891
873 882 892
887 885 893
874 880 894
890 886 888
888 887 895
885 891 893
891 884 889
889 874 894
890 888 896
887 893 895
880 873 897
896 888 898
893 891 899
888 895 898
891 889 900
893 901 895
892 882 902
894 880 897
899 891 900
900 889 894
893 899 901
898 895 901
897 873 892
899 900 903
900 894 904
901 899 903
898 901 905
892 902 906
903 900 904
894 897 904
905 901 907
901 903 907
904 897 908
903 904 909
897 892 908
907 903 909
906 902 910
909 904 908
908 892 906
907 909 911
909 908 912
911 909 912
906 910 913
912 908 906
912 906 913
END
