CONTINUOUS
SURF<2>
POINTS
1407
-1.095659e-02 -2.997999e-01 0.000000e+00
1.906212e-02 -2.991948e-01 0.000000e+00
4.554145e-03 -3.244294e-01 0.000000e+00
3.536472e-02 -3.228528e-01 0.000000e+00
-2.545360e-02 -3.233565e-01 0.000000e+00
4.887241e-02 -2.960759e-01 0.000000e+00
6.632682e-02 -3.184836e-01 0.000000e+00
-3.687001e-02 -2.974717e-01 0.000000e+00
-5.446146e-02 -3.195919e-01 0.000000e+00
-6.252715e-02 -2.934770e-01 0.000000e+00
-8.279754e-02 -3.132532e-01 0.000000e+00
-8.770182e-02 -2.869310e-01 0.000000e+00
-1.110176e-01 -3.043200e-01 0.000000e+00
-1.159278e-01 -2.766736e-01 0.000000e+00
-1.392758e-01 -2.928641e-01 0.000000e+00
-1.429966e-01 -2.637311e-01 0.000000e+00
-1.669430e-01 -2.787658e-01 0.000000e+00
-1.686329e-01 -2.481205e-01 0.000000e+00
-1.935550e-01 -2.618013e-01 0.000000e+00
7.820726e-02 -2.896201e-01 0.000000e+00
9.713251e-02 -3.110203e-01 0.000000e+00
1.067561e-01 -2.803507e-01 0.000000e+00
1.273403e-01 -3.003990e-01 0.000000e+00
-1.925817e-01 -2.300251e-01 0.000000e+00
-2.186013e-01 -2.419942e-01 0.000000e+00
1.342355e-01 -2.682979e-01 0.000000e+00
1.565086e-01 -2.866581e-01 0.000000e+00
1.603723e-01 -2.535355e-01 0.000000e+00
1.842552e-01 -2.699360e-01 0.000000e+00
1.849034e-01 -2.362420e-01 0.000000e+00
2.102481e-01 -2.504250e-01 0.000000e+00
2.075841e-01 -2.165847e-01 0.000000e+00
2.341938e-01 -2.283410e-01 0.000000e+00
2.281861e-01 -1.947583e-01 0.000000e+00
2.558313e-01 -2.039219e-01 0.000000e+00
2.465042e-01 -1.709827e-01 0.000000e+00
2.749312e-01 -1.774254e-01 0.000000e+00
2.623621e-01 -1.454957e-01 0.000000e+00
2.912907e-01 -1.491263e-01 0.000000e+00
2.755719e-01 -1.185524e-01 0.000000e+00
3.047458e-01 -1.193131e-01 0.000000e+00
2.860379e-01 -9.042243e-02 0.000000e+00
3.151801e-01 -8.825992e-02 0.000000e+00
2.937358e-01 -6.138729e-02 0.000000e+00
3.224573e-01 -5.610817e-02 0.000000e+00
2.982222e-01 -3.085733e-02 0.000000e+00
3.265187e-01 -2.316432e-02 0.000000e+00
3.000000e-01 0.000000e+00 0.000000e+00
3.272598e-01 9.949749e-03 0.000000e+00
2.982990e-01 2.997658e-02 0.000000e+00
3.246559e-01 4.282288e-02 0.000000e+00
2.940934e-01 5.965307e-02 0.000000e+00
3.187503e-01 7.521020e-02 0.000000e+00
2.865706e-01 8.873259e-02 0.000000e+00
3.095679e-01 1.067935e-01 0.000000e+00
2.762648e-01 1.169238e-01 0.000000e+00
2.972814e-01 1.372604e-01 0.000000e+00
2.632164e-01 1.439447e-01 0.000000e+00
2.820227e-01 1.663171e-01 0.000000e+00
2.475092e-01 1.695249e-01 0.000000e+00
2.639468e-01 1.936856e-01 0.000000e+00
2.293314e-01 1.934081e-01 0.000000e+00
-2.146017e-01 -2.096327e-01 0.000000e+00
-2.416582e-01 -2.195425e-01 0.000000e+00
2.432389e-01 2.191007e-01 0.000000e+00
2.088588e-01 2.153558e-01 0.000000e+00
2.201044e-01 2.423135e-01 0.000000e+00
1.862945e-01 2.351468e-01 0.000000e+00
1.947731e-01 2.630952e-01 0.000000e+00
1.618658e-01 2.525843e-01 0.000000e+00
1.674971e-01 2.812410e-01 0.000000e+00
-2.344744e-01 -1.871398e-01 0.000000e+00
-2.624040e-01 -1.947164e-01 0.000000e+00
1.358166e-01 2.675009e-01 0.000000e+00
1.385485e-01 2.965681e-01 0.000000e+00
1.084089e-01 2.797178e-01 0.000000e+00
1.082135e-01 3.089289e-01 0.000000e+00
-2.520069e-01 -1.627741e-01 0.000000e+00
-2.805808e-01 -1.678112e-01 0.000000e+00
7.991543e-02 2.891494e-01 0.000000e+00
7.676462e-02 3.182213e-01 0.000000e+00
5.061852e-02 2.957819e-01 0.000000e+00
-2.669929e-01 -1.367780e-01 0.000000e+00
-2.959846e-01 -1.391334e-01 0.000000e+00
4.434383e-02 3.243164e-01 0.000000e+00
-2.793290e-01 -1.094142e-01 0.000000e+00
-3.084559e-01 -1.089950e-01 0.000000e+00
1.994508e-02 2.991503e-01 0.000000e+00
1.125657e-02 3.271680e-01 0.000000e+00
-2.889545e-01 -8.096138e-02 0.000000e+00
-3.178049e-01 -7.770918e-02 0.000000e+00
-2.953151e-01 -5.167107e-02 0.000000e+00
-3.240130e-01 -4.561763e-02 0.000000e+00
-2.991997e-01 -2.189861e-02 0.000000e+00
-3.271876e-01 -1.307831e-02 0.000000e+00
-2.996791e-01 9.006190e-03 0.000000e+00
-3.281122e-01 1.867568e-02 0.000000e+00
-1.095661e-02 2.997999e-01 0.000000e+00
-2.974333e-01 3.978220e-02 0.000000e+00
-3.310459e-01 4.492399e-02 0.000000e+00
-2.187404e-02 3.266952e-01 0.000000e+00
-4.085107e-02 2.970052e-01 0.000000e+00
-5.463786e-02 3.228890e-01 0.000000e+00
-7.035416e-02 2.917185e-01 0.000000e+00
-8.679303e-02 3.158015e-01 0.000000e+00
-3.216147e-01 6.857655e-02 0.000000e+00
-2.918752e-01 6.930180e-02 0.000000e+00
-9.913952e-02 2.831387e-01 0.000000e+00
-1.180234e-01 3.054695e-01 0.000000e+00
-1.269355e-01 2.718101e-01 0.000000e+00
-1.480234e-01 2.920766e-01 0.000000e+00
-1.534618e-01 2.577836e-01 0.000000e+00
-1.765049e-01 2.757653e-01 0.000000e+00
-1.784513e-01 2.411528e-01 0.000000e+00
-2.031959e-01 2.567008e-01 0.000000e+00
-2.016547e-01 2.221147e-01 0.000000e+00
-2.278383e-01 2.350776e-01 0.000000e+00
-2.228401e-01 2.008543e-01 0.000000e+00
-2.501909e-01 2.111103e-01 0.000000e+00
-2.417938e-01 1.775822e-01 0.000000e+00
-2.700334e-01 1.850402e-01 0.000000e+00
-2.583275e-01 1.525329e-01 0.000000e+00
-2.871692e-01 1.571491e-01 0.000000e+00
-2.722827e-01 1.259563e-01 0.000000e+00
-3.014285e-01 1.278310e-01 0.000000e+00
-2.834905e-01 9.812068e-02 0.000000e+00
-3.127494e-01 9.779916e-02 0.000000e+00
-1.050767e-01 -3.327588e-01 0.000000e+00
-1.346408e-01 -3.222387e-01 0.000000e+00
-7.477237e-02 -3.410470e-01 0.000000e+00
2.082282e-02 -3.494850e-01 0.000000e+00
-1.138440e-02 -3.495453e-01 0.000000e+00
-4.341699e-02 -3.467606e-01 0.000000e+00
-1.639952e-01 -3.092625e-01 0.000000e+00
5.332025e-02 -3.467008e-01 0.000000e+00
-1.929878e-01 -2.933043e-01 0.000000e+00
8.617987e-02 -3.408940e-01 0.000000e+00
1.189813e-01 -3.317139e-01 0.000000e+00
-2.209345e-01 -2.741116e-01 0.000000e+00
1.511030e-01 -3.190595e-01 0.000000e+00
-2.471369e-01 -2.517904e-01 0.000000e+00
1.820076e-01 -3.030225e-01 0.000000e+00
2.112653e-01 -2.837905e-01 0.000000e+00
2.385160e-01 -2.615937e-01 0.000000e+00
3.350053e-01 -1.156920e-01 0.000000e+00
2.634465e-01 -2.366862e-01 0.000000e+00
3.449443e-01 -8.162551e-02 0.000000e+00
3.217440e-01 -1.485297e-01 0.000000e+00
2.857820e-01 -2.093417e-01 0.000000e+00
3.052825e-01 -1.798527e-01 0.000000e+00
3.514658e-01 -4.659680e-02 0.000000e+00
-2.710921e-01 -2.266232e-01 0.000000e+00
3.544689e-01 -1.094843e-02 0.000000e+00
3.157034e-01 1.615713e-01 0.000000e+00
2.978969e-01 1.923547e-01 0.000000e+00
3.303599e-01 1.291193e-01 0.000000e+00
2.771232e-01 2.211818e-01 0.000000e+00
3.417018e-01 9.529851e-02 0.000000e+00
3.495705e-01 6.043479e-02 0.000000e+00
3.538464e-01 2.488571e-02 0.000000e+00
2.535899e-01 2.477761e-01 0.000000e+00
-2.924486e-01 -1.989443e-01 0.000000e+00
2.275300e-01 2.718790e-01 0.000000e+00
1.992020e-01 2.932540e-01 0.000000e+00
1.688873e-01 3.116899e-01 0.000000e+00
-3.109403e-01 -1.690997e-01 0.000000e+00
1.368896e-01 3.270058e-01 0.000000e+00
-3.263552e-01 -1.374370e-01 0.000000e+00
1.035227e-01 3.390595e-01 0.000000e+00
-3.385160e-01 -1.043019e-01 0.000000e+00
6.906912e-02 3.477436e-01 0.000000e+00
-3.472984e-01 -7.007209e-02 0.000000e+00
-3.526992e-01 -3.520745e-02 0.000000e+00
-3.549679e-01 -4.564992e-04 0.000000e+00
3.379291e-02 3.529755e-01 0.000000e+00
-3.426890e-01 9.380750e-02 0.000000e+00
-3.317590e-01 1.256574e-01 0.000000e+00
-3.176395e-01 1.575661e-01 0.000000e+00
-3.003341e-01 1.883899e-01 0.000000e+00
-2.800105e-01 2.174568e-01 0.000000e+00
-2.568756e-01 2.443781e-01 0.000000e+00
-2.311578e-01 2.688685e-01 0.000000e+00
-2.031074e-01 2.906833e-01 0.000000e+00
-1.729928e-01 3.096048e-01 0.000000e+00
-3.508006e-01 6.325954e-02 0.000000e+00
-1.410947e-01 3.254399e-01 0.000000e+00
-3.548010e-01 3.259878e-02 0.000000e+00
-1.963812e-03 3.546681e-01 0.000000e+00
-1.077060e-01 3.380131e-01 0.000000e+00
-7.314593e-02 3.471544e-01 0.000000e+00
-3.776649e-02 3.527311e-01 0.000000e+00
-1.286106e-01 -3.518759e-01 0.000000e+00
-9.699295e-02 -3.617748e-01 0.000000e+00
-1.595923e-01 -3.396446e-01 0.000000e+00
-6.391582e-02 -3.693214e-01 0.000000e+00
4.671437e-03 -3.755530e-01 0.000000e+00
-2.968572e-02 -3.739889e-01 0.000000e+00
3.893960e-02 -3.741767e-01 0.000000e+00
-1.906086e-01 -3.244764e-01 0.000000e+00
7.368391e-02 -3.697789e-01 0.000000e+00
-2.212232e-01 -3.058517e-01 0.000000e+00
1.088829e-01 -3.619549e-01 0.000000e+00
1.438520e-01 -3.504190e-01 0.000000e+00
-2.504955e-01 -2.837080e-01 0.000000e+00
1.778534e-01 -3.351591e-01 0.000000e+00
2.103235e-01 -3.163338e-01 0.000000e+00
-2.776514e-01 -2.582950e-01 0.000000e+00
2.408279e-01 -2.941752e-01 0.000000e+00
2.690053e-01 -2.689481e-01 0.000000e+00
3.653425e-01 -1.074746e-01 0.000000e+00
3.527356e-01 -1.433750e-01 0.000000e+00
2.945413e-01 -2.409386e-01 0.000000e+00
3.366248e-01 -1.778153e-01 0.000000e+00
3.171607e-01 -2.104522e-01 0.000000e+00
3.743357e-01 -7.041973e-02 0.000000e+00
3.796122e-01 -3.249454e-02 0.000000e+00
3.307239e-01 1.892149e-01 0.000000e+00
3.480729e-01 1.551331e-01 0.000000e+00
-3.021912e-01 -2.299702e-01 0.000000e+00
3.100806e-01 2.213526e-01 0.000000e+00
3.810496e-01 5.953276e-03 0.000000e+00
3.619412e-01 1.194145e-01 0.000000e+00
3.721546e-01 8.238764e-02 0.000000e+00
2.863510e-01 2.512461e-01 0.000000e+00
3.785590e-01 4.442372e-02 0.000000e+00
2.597705e-01 2.786084e-01 0.000000e+00
2.306020e-01 3.031727e-01 0.000000e+00
-3.237796e-01 -1.991105e-01 0.000000e+00
1.991347e-01 3.246974e-01 0.000000e+00
1.656843e-01 3.429706e-01 0.000000e+00
-3.421630e-01 -1.660932e-01 0.000000e+00
1.305904e-01 3.578157e-01 0.000000e+00
-3.571392e-01 -1.312900e-01 0.000000e+00
9.419126e-02 3.691002e-01 0.000000e+00
-3.685491e-01 -9.509548e-02 0.000000e+00
-3.763039e-01 -5.799018e-02 0.000000e+00
-3.804464e-01 -2.057689e-02 0.000000e+00
5.678835e-02 3.767287e-01 0.000000e+00
-3.622195e-01 1.193944e-01 0.000000e+00
-3.487488e-01 1.536196e-01 0.000000e+00
-3.317522e-01 1.872707e-01 0.000000e+00
-3.114036e-01 2.194056e-01 0.000000e+00
-2.879236e-01 2.494390e-01 0.000000e+00
-2.615501e-01 2.770030e-01 0.000000e+00
-2.325419e-01 3.018125e-01 0.000000e+00
-3.811646e-01 1.624695e-02 0.000000e+00
1.866444e-02 3.806098e-01 0.000000e+00
-2.011772e-01 3.236203e-01 0.000000e+00
-1.677479e-01 3.422074e-01 0.000000e+00
-3.721347e-01 8.549106e-02 0.000000e+00
-1.325540e-01 3.573763e-01 0.000000e+00
-3.784568e-01 5.153309e-02 0.000000e+00
-9.591706e-02 3.689411e-01 0.000000e+00
-1.983218e-02 3.806351e-01 0.000000e+00
-5.820141e-02 3.767341e-01 0.000000e+00
-1.207725e-01 -3.819966e-01 0.000000e+00
-1.537374e-01 -3.703823e-01 0.000000e+00
-8.645137e-02 -3.912264e-01 0.000000e+00
-5.040800e-02 -3.977779e-01 0.000000e+00
-1.369316e-02 -4.011672e-01 0.000000e+00
2.278997e-02 -4.013325e-01 0.000000e+00
-1.865334e-01 -3.559425e-01 0.000000e+00
5.942815e-02 -3.983238e-01 0.000000e+00
-2.194658e-01 -3.379700e-01 0.000000e+00
9.676993e-02 -3.918620e-01 0.000000e+00
1.344182e-01 -3.815546e-01 0.000000e+00
-2.516712e-01 -3.161615e-01 0.000000e+00
1.714837e-01 -3.672411e-01 0.000000e+00
-2.820680e-01 -2.906716e-01 0.000000e+00
2.071973e-01 -3.490106e-01 0.000000e+00
2.410084e-01 -3.270816e-01 0.000000e+00
2.724957e-01 -3.017254e-01 0.000000e+00
3.841831e-01 -1.346581e-01 0.000000e+00
3.013058e-01 -2.732389e-01 0.000000e+00
3.687772e-01 -1.722779e-01 0.000000e+00
3.957794e-01 -9.565517e-02 0.000000e+00
3.496976e-01 -2.081638e-01 0.000000e+00
3.271299e-01 -2.419388e-01 0.000000e+00
4.034566e-01 -5.556875e-02 0.000000e+00
-3.099008e-01 -2.618646e-01 0.000000e+00
4.070943e-01 -1.470088e-02 0.000000e+00
3.634578e-01 1.839898e-01 0.000000e+00
3.431589e-01 2.194459e-01 0.000000e+00
3.801317e-01 1.466140e-01 0.000000e+00
4.065737e-01 2.650572e-02 0.000000e+00
3.929884e-01 1.076503e-01 0.000000e+00
3.194445e-01 2.526633e-01 0.000000e+00
4.018499e-01 6.746949e-02 0.000000e+00
2.925505e-01 2.833297e-01 0.000000e+00
-3.347122e-01 -2.301494e-01 0.000000e+00
2.627426e-01 3.111485e-01 0.000000e+00
2.303159e-01 3.358474e-01 0.000000e+00
1.955945e-01 3.571826e-01 0.000000e+00
-3.561967e-01 -1.959327e-01 0.000000e+00
1.589330e-01 3.749449e-01 0.000000e+00
-3.741220e-01 -1.596121e-01 0.000000e+00
1.207021e-01 3.889677e-01 0.000000e+00
-3.883039e-01 -1.215962e-01 0.000000e+00
-3.986097e-01 -8.236886e-02 0.000000e+00
8.124802e-02 3.991307e-01 0.000000e+00
-4.049988e-01 -4.251549e-02 0.000000e+00
-4.075431e-01 -2.755897e-03 0.000000e+00
-3.803806e-01 1.465487e-01 0.000000e+00
4.086799e-02 4.053359e-01 0.000000e+00
-3.640737e-01 1.828296e-01 0.000000e+00
-3.440627e-01 2.180024e-01 0.000000e+00
-3.205766e-01 2.512497e-01 0.000000e+00
-2.938673e-01 2.820519e-01 0.000000e+00
-2.642026e-01 3.100562e-01 0.000000e+00
-2.318701e-01 3.349775e-01 0.000000e+00
-3.928410e-01 1.100577e-01 0.000000e+00
-1.971735e-01 3.565674e-01 0.000000e+00
-1.357622e-04 4.074740e-01 0.000000e+00
-1.604236e-01 3.746047e-01 0.000000e+00
-4.063523e-01 3.606096e-02 0.000000e+00
-1.219449e-01 3.888852e-01 0.000000e+00
-4.131900e-02 4.054421e-01 0.000000e+00
-8.210075e-02 3.992172e-01 0.000000e+00
-4.014682e-01 7.349104e-02 0.000000e+00
-1.463721e-01 -4.020791e-01 0.000000e+00
-1.108345e-01 -4.130562e-01 0.000000e+00
-7.340652e-02 -4.214393e-01 0.000000e+00
-1.810812e-01 -3.883665e-01 0.000000e+00
-3.455100e-02 -4.267750e-01 0.000000e+00
4.439937e-03 -4.287210e-01 0.000000e+00
4.327314e-02 -4.272615e-01 0.000000e+00
-2.160198e-01 -3.711923e-01 0.000000e+00
8.264719e-02 -4.222651e-01 0.000000e+00
-2.509034e-01 -3.499697e-01 0.000000e+00
1.227459e-01 -4.133492e-01 0.000000e+00
1.628072e-01 -4.002070e-01 0.000000e+00
-2.845447e-01 -3.246524e-01 0.000000e+00
2.018453e-01 -3.828085e-01 0.000000e+00
2.391109e-01 -3.613311e-01 0.000000e+00
-3.158433e-01 -2.955681e-01 0.000000e+00
2.740803e-01 -3.360460e-01 0.000000e+00
3.063481e-01 -3.072614e-01 0.000000e+00
4.021366e-01 -1.640591e-01 0.000000e+00
4.165662e-01 -1.231507e-01 0.000000e+00
3.355701e-01 -2.753068e-01 0.000000e+00
3.837063e-01 -2.033171e-01 0.000000e+00
3.614441e-01 -2.405330e-01 0.000000e+00
4.268683e-01 -8.093195e-02 0.000000e+00
4.329230e-01 -3.770237e-02 0.000000e+00
4.346004e-01 6.157239e-03 0.000000e+00
-3.441101e-01 -2.631607e-01 0.000000e+00
3.774556e-01 2.154572e-01 0.000000e+00
3.971941e-01 1.765549e-01 0.000000e+00
4.129610e-01 1.357703e-01 0.000000e+00
3.539587e-01 2.521371e-01 0.000000e+00
4.318086e-01 5.008987e-02 0.000000e+00
4.245574e-01 9.347215e-02 0.000000e+00
3.269396e-01 2.862613e-01 0.000000e+00
2.966651e-01 3.175056e-01 0.000000e+00
2.634340e-01 3.455661e-01 0.000000e+00
-3.689391e-01 -2.278768e-01 0.000000e+00
2.275770e-01 3.701664e-01 0.000000e+00
1.894589e-01 3.910634e-01 0.000000e+00
-3.900564e-01 -1.901463e-01 0.000000e+00
1.494716e-01 4.080552e-01 0.000000e+00
-4.072516e-01 -1.503977e-01 0.000000e+00
1.080015e-01 4.209885e-01 0.000000e+00
-4.203622e-01 -1.091153e-01 0.000000e+00
-4.292977e-01 -6.688497e-02 0.000000e+00
6.538533e-02 4.297485e-01 0.000000e+00
-4.340721e-01 -2.438894e-02 0.000000e+00
-3.976674e-01 1.760962e-01 0.000000e+00
-3.782752e-01 2.142254e-01 0.000000e+00
-3.550398e-01 2.507545e-01 0.000000e+00
-3.282233e-01 2.849604e-01 0.000000e+00
-2.981067e-01 3.163682e-01 0.000000e+00
-2.649881e-01 3.446346e-01 0.000000e+00
-4.130183e-01 1.372538e-01 0.000000e+00
2.192200e-02 4.342239e-01 0.000000e+00
-2.291827e-01 3.694748e-01 0.000000e+00
-4.347786e-01 1.760701e-02 0.000000e+00
-1.910150e-01 3.906393e-01 0.000000e+00
-1.508172e-01 4.079021e-01 0.000000e+00
-2.200528e-02 4.342964e-01 0.000000e+00
-1.089504e-01 4.210507e-01 0.000000e+00
-6.583684e-02 4.298939e-01 0.000000e+00
-4.242751e-01 9.816386e-02 0.000000e+00
-4.315071e-01 5.847041e-02 0.000000e+00
-1.372932e-01 -4.354862e-01 0.000000e+00
-1.744066e-01 -4.224839e-01 0.000000e+00
-9.861481e-02 -4.457294e-01 0.000000e+00
-5.798074e-02 -4.530504e-01 0.000000e+00
-1.647644e-02 -4.569771e-01 0.000000e+00
-2.113253e-01 -4.061746e-01 0.000000e+00
2.493291e-02 -4.572939e-01 0.000000e+00
6.653924e-02 -4.539173e-01 0.000000e+00
-2.485952e-01 -3.857685e-01 0.000000e+00
1.089513e-01 -4.465527e-01 0.000000e+00
1.518786e-01 -4.348062e-01 0.000000e+00
-2.853643e-01 -3.609085e-01 0.000000e+00
1.943029e-01 -4.184923e-01 0.000000e+00
-3.202737e-01 -3.317830e-01 0.000000e+00
2.352215e-01 -3.977018e-01 0.000000e+00
2.739265e-01 -3.726887e-01 0.000000e+00
3.099229e-01 -3.437718e-01 0.000000e+00
3.428199e-01 -3.112962e-01 0.000000e+00
4.373119e-01 -1.534836e-01 0.000000e+00
4.197567e-01 -1.962989e-01 0.000000e+00
3.722815e-01 -2.756272e-01 0.000000e+00
3.980118e-01 -2.371553e-01 0.000000e+00
4.505242e-01 -1.090974e-01 0.000000e+00
-3.522817e-01 -2.988488e-01 0.000000e+00
4.592658e-01 -6.346735e-02 0.000000e+00
4.634036e-01 -1.693946e-02 0.000000e+00
4.628144e-01 2.998836e-02 0.000000e+00
4.137989e-01 2.094350e-01 0.000000e+00
4.327627e-01 1.668661e-01 0.000000e+00
3.907096e-01 2.498056e-01 0.000000e+00
4.473809e-01 1.224704e-01 0.000000e+00
4.574509e-01 7.667053e-02 0.000000e+00
3.637334e-01 2.876245e-01 0.000000e+00
3.331374e-01 3.225432e-01 0.000000e+00
-3.807807e-01 -2.626071e-01 0.000000e+00
2.992225e-01 3.542267e-01 0.000000e+00
2.623245e-01 3.823648e-01 0.000000e+00
2.228159e-01 4.066787e-01 0.000000e+00
-4.054150e-01 -2.235344e-01 0.000000e+00
1.811041e-01 4.269295e-01 0.000000e+00
-4.259396e-01 -1.820897e-01 0.000000e+00
1.376083e-01 4.429273e-01 0.000000e+00
-4.421658e-01 -1.387651e-01 0.000000e+00
-4.539647e-01 -9.414558e-02 0.000000e+00
9.271163e-02 4.545300e-01 0.000000e+00
-4.613018e-01 -4.891213e-02 0.000000e+00
4.673937e-02 4.616172e-01 0.000000e+00
-4.145795e-01 2.086179e-01 0.000000e+00
-3.918175e-01 2.484683e-01 0.000000e+00
-3.650826e-01 2.862450e-01 0.000000e+00
-4.642381e-01 -3.799608e-03 0.000000e+00
-3.346688e-01 3.212962e-01 0.000000e+00
-3.008886e-01 3.531771e-01 0.000000e+00
-4.331266e-01 1.675419e-01 0.000000e+00
-2.640702e-01 3.815501e-01 0.000000e+00
-2.245527e-01 4.061307e-01 0.000000e+00
3.954295e-05 4.640624e-01 0.000000e+00
-1.826813e-01 4.266663e-01 0.000000e+00
-1.388194e-01 4.429220e-01 0.000000e+00
-4.473415e-01 1.258955e-01 0.000000e+00
-4.688404e-02 4.617572e-01 0.000000e+00
-4.628662e-01 4.051838e-02 0.000000e+00
-9.338187e-02 4.546789e-01 0.000000e+00
-4.572378e-01 8.369175e-02 0.000000e+00
-1.261809e-01 -4.712392e-01 0.000000e+00
-1.663384e-01 -4.589559e-01 0.000000e+00
-8.400453e-02 -4.805794e-01 0.000000e+00
-2.055699e-01 -4.434852e-01 0.000000e+00
-4.020750e-02 -4.866101e-01 0.000000e+00
3.999320e-03 -4.889291e-01 0.000000e+00
4.823088e-02 -4.873652e-01 0.000000e+00
-2.450834e-01 -4.240221e-01 0.000000e+00
9.305977e-02 -4.817044e-01 0.000000e+00
-2.847523e-01 -3.998885e-01 0.000000e+00
1.387333e-01 -4.715509e-01 0.000000e+00
1.845259e-01 -4.565725e-01 0.000000e+00
-3.232937e-01 -3.709947e-01 0.000000e+00
2.292756e-01 -4.367202e-01 0.000000e+00
2.720100e-01 -4.121940e-01 0.000000e+00
-3.593059e-01 -3.377282e-01 0.000000e+00
3.120691e-01 -3.833148e-01 0.000000e+00
3.489843e-01 -3.504462e-01 0.000000e+00
3.823772e-01 -3.139720e-01 0.000000e+00
4.583414e-01 -1.871146e-01 0.000000e+00
4.373200e-01 -2.318614e-01 0.000000e+00
4.119184e-01 -2.742986e-01 0.000000e+00
4.747964e-01 -1.404926e-01 0.000000e+00
4.865398e-01 -9.236817e-02 0.000000e+00
4.934342e-01 -4.308584e-02 0.000000e+00
4.953395e-01 6.912756e-03 0.000000e+00
-3.918456e-01 -3.006418e-01 0.000000e+00
4.527378e-01 2.012860e-01 0.000000e+00
4.921598e-01 5.701122e-02 0.000000e+00
4.302514e-01 2.456407e-01 0.000000e+00
4.706982e-01 1.547686e-01 0.000000e+00
4.839047e-01 1.065078e-01 0.000000e+00
4.034839e-01 2.874521e-01 0.000000e+00
3.727036e-01 3.263500e-01 0.000000e+00
3.382127e-01 3.619709e-01 0.000000e+00
3.003508e-01 3.939697e-01 0.000000e+00
-4.203877e-01 -2.602796e-01 0.000000e+00
2.594968e-01 4.220307e-01 0.000000e+00
2.160703e-01 4.458757e-01 0.000000e+00
-4.446221e-01 -2.171482e-01 0.000000e+00
1.705160e-01 4.652746e-01 0.000000e+00
-4.643294e-01 -1.717604e-01 0.000000e+00
1.232624e-01 4.800508e-01 0.000000e+00
-4.793491e-01 -1.247031e-01 0.000000e+00
-4.896024e-01 -7.666307e-02 0.000000e+00
7.467859e-02 4.900650e-01 0.000000e+00
-4.951117e-01 -2.837913e-02 0.000000e+00
-4.313698e-01 2.445628e-01 0.000000e+00
-4.049079e-01 2.860518e-01 0.000000e+00
-3.743468e-01 3.249957e-01 0.000000e+00
-4.534477e-01 2.013298e-01 0.000000e+00
-3.400152e-01 3.607952e-01 0.000000e+00
-3.022582e-01 3.930254e-01 0.000000e+00
2.510926e-02 4.951827e-01 0.000000e+00
-2.614319e-01 4.213528e-01 0.000000e+00
-2.178976e-01 4.454911e-01 0.000000e+00
-4.959590e-01 1.946008e-02 0.000000e+00
-4.709664e-01 1.571047e-01 0.000000e+00
-1.720276e-01 4.651799e-01 0.000000e+00
-2.499662e-02 4.952715e-01 0.000000e+00
-1.242326e-01 4.801743e-01 0.000000e+00
-7.501248e-02 4.902556e-01 0.000000e+00
-4.922092e-01 6.636080e-02 0.000000e+00
-4.838817e-01 1.121765e-01 0.000000e+00
-1.564697e-01 -4.982600e-01 0.000000e+00
-1.127089e-01 -5.097363e-01 0.000000e+00
-1.986036e-01 -4.835820e-01 0.000000e+00
-6.688355e-02 -5.179482e-01 0.000000e+00
-1.990679e-02 -5.224532e-01 0.000000e+00
-2.405054e-01 -4.650780e-01 0.000000e+00
2.730661e-02 -5.229226e-01 0.000000e+00
7.487697e-02 -5.191392e-01 0.000000e+00
-2.828662e-01 -4.418709e-01 0.000000e+00
1.233169e-01 -5.107554e-01 0.000000e+00
1.724009e-01 -4.973519e-01 0.000000e+00
-3.249039e-01 -4.135078e-01 0.000000e+00
2.210700e-01 -4.787098e-01 0.000000e+00
-3.650694e-01 -3.801648e-01 0.000000e+00
2.681076e-01 -4.549187e-01 0.000000e+00
3.125968e-01 -4.262755e-01 0.000000e+00
3.539250e-01 -3.931606e-01 0.000000e+00
3.916464e-01 -3.559818e-01 0.000000e+00
4.797127e-01 -2.244635e-01 0.000000e+00
4.253922e-01 -3.151660e-01 0.000000e+00
4.548400e-01 -2.711669e-01 0.000000e+00
4.997875e-01 -1.755323e-01 0.000000e+00
5.148926e-01 -1.247995e-01 0.000000e+00
-4.020094e-01 -3.423908e-01 0.000000e+00
5.248805e-01 -7.263688e-02 0.000000e+00
5.296018e-01 -1.945337e-02 0.000000e+00
5.289259e-01 3.418709e-02 0.000000e+00
4.729462e-01 2.394221e-01 0.000000e+00
5.228028e-01 8.756930e-02 0.000000e+00
4.946089e-01 1.907454e-01 0.000000e+00
5.113050e-01 1.399625e-01 0.000000e+00
4.465712e-01 2.855711e-01 0.000000e+00
4.157573e-01 3.287966e-01 0.000000e+00
3.808080e-01 3.687096e-01 0.000000e+00
-4.348958e-01 -3.008100e-01 0.000000e+00
3.420654e-01 4.049320e-01 0.000000e+00
2.999140e-01 4.371095e-01 0.000000e+00
2.547829e-01 4.649226e-01 0.000000e+00
-4.632802e-01 -2.560024e-01 0.000000e+00
2.071378e-01 4.880982e-01 0.000000e+00
-4.868914e-01 -2.085211e-01 0.000000e+00
1.574467e-01 5.064187e-01 0.000000e+00
-5.055378e-01 -1.589645e-01 0.000000e+00
-5.191014e-01 -1.080264e-01 0.000000e+00
1.061302e-01 5.197164e-01 0.000000e+00
-5.275632e-01 -5.646542e-02 0.000000e+00
5.355729e-02 5.278438e-01 0.000000e+00
-4.480431e-01 2.843201e-01 0.000000e+00
-4.175097e-01 3.273796e-01 0.000000e+00
-4.740255e-01 2.389896e-01 0.000000e+00
-3.827542e-01 3.674115e-01 0.000000e+00
-3.441421e-01 4.038547e-01 0.000000e+00
-5.309850e-01 -4.997650e-03 0.000000e+00
-3.020502e-01 4.362982e-01 0.000000e+00
-2.568598e-01 4.644100e-01 0.000000e+00
1.429428e-04 5.306522e-01 0.000000e+00
-4.952251e-01 1.921846e-01 0.000000e+00
-2.089579e-01 4.878979e-01 0.000000e+00
-5.353384e-02 5.280226e-01 0.000000e+00
-1.587574e-01 5.064898e-01 0.000000e+00
-1.067446e-01 5.199331e-01 0.000000e+00
-5.294374e-01 4.581515e-02 0.000000e+00
-5.115423e-01 1.443874e-01 0.000000e+00
-5.229517e-01 9.563464e-02 0.000000e+00
-1.443404e-01 -5.407313e-01 0.000000e+00
-1.900306e-01 -5.268542e-01 0.000000e+00
-9.660072e-02 -5.512256e-01 0.000000e+00
-4.704564e-02 -5.580519e-01 0.000000e+00
-2.347649e-01 -5.092636e-01 0.000000e+00
3.308580e-03 -5.607713e-01 0.000000e+00
5.401392e-02 -5.590744e-01 0.000000e+00
-2.797946e-01 -4.870817e-01 0.000000e+00
1.054403e-01 -5.526422e-01 0.000000e+00
-3.251168e-01 -4.595256e-01 0.000000e+00
1.577891e-01 -5.410357e-01 0.000000e+00
2.103693e-01 -5.238864e-01 0.000000e+00
-3.694160e-01 -4.264254e-01 0.000000e+00
2.619017e-01 -5.011195e-01 0.000000e+00
3.111790e-01 -4.729571e-01 0.000000e+00
-4.110271e-01 -3.881989e-01 0.000000e+00
3.573509e-01 -4.397811e-01 0.000000e+00
3.998481e-01 -4.020261e-01 0.000000e+00
4.382429e-01 -3.601464e-01 0.000000e+00
5.013302e-01 -2.659457e-01 0.000000e+00
4.721747e-01 -3.146184e-01 0.000000e+00
5.254480e-01 -2.146419e-01 0.000000e+00
5.443223e-01 -1.611875e-01 0.000000e+00
5.577868e-01 -1.060009e-01 0.000000e+00
5.656844e-01 -4.948940e-02 0.000000e+00
5.678630e-01 7.832618e-03 0.000000e+00
-4.487016e-01 -3.455216e-01 0.000000e+00
5.642209e-01 6.527758e-02 0.000000e+00
5.547675e-01 1.220584e-01 0.000000e+00
5.190601e-01 2.308049e-01 0.000000e+00
5.396391e-01 1.774360e-01 0.000000e+00
4.932943e-01 2.816764e-01 0.000000e+00
4.626244e-01 3.296183e-01 0.000000e+00
4.273575e-01 3.742156e-01 0.000000e+00
3.878375e-01 4.150603e-01 0.000000e+00
3.444529e-01 4.517606e-01 0.000000e+00
-4.817289e-01 -2.990727e-01 0.000000e+00
2.976414e-01 4.839533e-01 0.000000e+00
2.478860e-01 5.113195e-01 0.000000e+00
-5.097285e-01 -2.494760e-01 0.000000e+00
1.956884e-01 5.335964e-01 0.000000e+00
-5.324648e-01 -1.973589e-01 0.000000e+00
1.415202e-01 5.505782e-01 0.000000e+00
-5.497829e-01 -1.434268e-01 0.000000e+00
-5.616222e-01 -8.846248e-02 0.000000e+00
8.579351e-02 5.620958e-01 0.000000e+00
-4.644590e-01 3.282660e-01 0.000000e+00
-5.680187e-01 -3.322637e-02 0.000000e+00
-4.947599e-01 2.808948e-01 0.000000e+00
-4.294431e-01 3.728237e-01 0.000000e+00
-3.900872e-01 4.138494e-01 0.000000e+00
2.891803e-02 5.679865e-01 0.000000e+00
-3.467928e-01 4.508112e-01 0.000000e+00
-5.200569e-01 2.315240e-01 0.000000e+00
-2.999654e-01 4.833070e-01 0.000000e+00
-2.500129e-01 5.110019e-01 0.000000e+00
-2.857496e-02 5.680995e-01 0.000000e+00
-1.973583e-01 5.335923e-01 0.000000e+00
-8.597424e-02 5.623532e-01 0.000000e+00
-5.690445e-01 2.166764e-02 0.000000e+00
-1.424805e-01 5.507932e-01 0.000000e+00
-5.401957e-01 1.807697e-01 0.000000e+00
-5.647370e-01 7.578612e-02 0.000000e+00
-5.551081e-01 1.288536e-01 0.000000e+00
-1.295483e-01 -5.866382e-01 0.000000e+00
-1.793542e-01 -5.736524e-01 0.000000e+00
-7.759266e-02 -5.959136e-01 0.000000e+00
-2.275474e-01 -5.569338e-01 0.000000e+00
-2.414710e-02 -6.010690e-01 0.000000e+00
-2.755034e-01 -5.357858e-01 0.000000e+00
2.998272e-02 -6.016881e-01 0.000000e+00
8.475083e-02 -5.974176e-01 0.000000e+00
-3.239762e-01 -5.092398e-01 0.000000e+00
1.404908e-01 -5.878230e-01 0.000000e+00
1.969608e-01 -5.724405e-01 0.000000e+00
-3.722545e-01 -4.767260e-01 0.000000e+00
2.530750e-01 -5.510160e-01 0.000000e+00
-4.186551e-01 -4.383700e-01 0.000000e+00
3.074344e-01 -5.236345e-01 0.000000e+00
3.588853e-01 -4.906391e-01 0.000000e+00
4.066498e-01 -4.524815e-01 0.000000e+00
4.501941e-01 -4.096448e-01 0.000000e+00
-4.615086e-01 -3.947967e-01 0.000000e+00
4.891020e-01 -3.626380e-01 0.000000e+00
5.230229e-01 -3.119971e-01 0.000000e+00
5.516608e-01 -2.582713e-01 0.000000e+00
5.747680e-01 -2.019900e-01 0.000000e+00
5.921424e-01 -1.436297e-01 0.000000e+00
6.036164e-01 -8.362887e-02 0.000000e+00
6.090343e-01 -2.247243e-02 0.000000e+00
6.082591e-01 3.920538e-02 0.000000e+00
6.012292e-01 1.006110e-01 0.000000e+00
5.880164e-01 1.609084e-01 0.000000e+00
5.688237e-01 2.193615e-01 0.000000e+00
5.439259e-01 2.753804e-01 0.000000e+00
5.136176e-01 3.284731e-01 0.000000e+00
4.782090e-01 3.781868e-01 0.000000e+00
-4.996974e-01 -3.467861e-01 0.000000e+00
4.380447e-01 4.240869e-01 0.000000e+00
3.935139e-01 4.657528e-01 0.000000e+00
3.450611e-01 5.027773e-01 0.000000e+00
-5.326291e-01 -2.950757e-01 0.000000e+00
2.931904e-01 5.347870e-01 0.000000e+00
2.384378e-01 5.614729e-01 0.000000e+00
-5.599887e-01 -2.403503e-01 0.000000e+00
1.813165e-01 5.825889e-01 0.000000e+00
-5.815704e-01 -1.833306e-01 0.000000e+00
-5.972637e-01 -1.248282e-01 0.000000e+00
1.222840e-01 5.979284e-01 0.000000e+00
-6.070793e-01 -6.566585e-02 0.000000e+00
6.177408e-02 6.073083e-01 0.000000e+00
-5.154712e-01 3.274435e-01 0.000000e+00
-4.803929e-01 3.767906e-01 0.000000e+00
-4.404466e-01 4.227573e-01 0.000000e+00
-3.960473e-01 4.646612e-01 0.000000e+00
-5.453266e-01 2.755344e-01 0.000000e+00
-3.476241e-01 5.019922e-01 0.000000e+00
2.919968e-04 6.105601e-01 0.000000e+00
-2.956124e-01 5.343502e-01 0.000000e+00
-6.111007e-01 -6.524257e-03 0.000000e+00
-2.404577e-01 5.613881e-01 0.000000e+00
-6.148990e-02 6.075506e-01 0.000000e+00
-1.826437e-01 5.827858e-01 0.000000e+00
-5.697563e-01 2.217794e-01 0.000000e+00
-1.227477e-01 5.982518e-01 0.000000e+00
-6.093877e-01 5.212473e-02 0.000000e+00
-5.886664e-01 1.665372e-01 0.000000e+00
-6.019156e-01 1.099208e-01 0.000000e+00
-1.661208e-01 -6.243036e-01 0.000000e+00
-1.117796e-01 -6.362698e-01 0.000000e+00
-2.183960e-01 -6.084292e-01 0.000000e+00
-5.537034e-02 -6.440364e-01 0.000000e+00
-2.697760e-01 -5.882818e-01 0.000000e+00
2.286781e-03 -6.471780e-01 0.000000e+00
6.073238e-02 -6.453168e-01 0.000000e+00
-3.214850e-01 -5.628732e-01 0.000000e+00
1.201532e-01 -6.379811e-01 0.000000e+00
-3.735675e-01 -5.312840e-01 0.000000e+00
1.806089e-01 -6.246205e-01 0.000000e+00
2.413639e-01 -6.048459e-01 0.000000e+00
-4.247261e-01 -4.932060e-01 0.000000e+00
3.010098e-01 -5.785841e-01 0.000000e+00
3.581167e-01 -5.460876e-01 0.000000e+00
-4.730645e-01 -4.490281e-01 0.000000e+00
4.116540e-01 -5.077941e-01 0.000000e+00
4.609137e-01 -4.641625e-01 0.000000e+00
5.053633e-01 -4.157266e-01 0.000000e+00
5.445882e-01 -3.631019e-01 0.000000e+00
5.782818e-01 -3.069022e-01 0.000000e+00
6.061827e-01 -2.476944e-01 0.000000e+00
6.279821e-01 -1.859939e-01 0.000000e+00
6.434472e-01 -1.223207e-01 0.000000e+00
6.524814e-01 -5.719415e-02 0.000000e+00
-5.169230e-01 -3.995671e-01 0.000000e+00
6.549914e-01 8.840310e-03 0.000000e+00
6.508405e-01 7.507518e-02 0.000000e+00
6.399499e-01 1.406180e-01 0.000000e+00
6.224624e-01 2.045697e-01 0.000000e+00
5.987153e-01 2.662061e-01 0.000000e+00
5.690470e-01 3.249555e-01 0.000000e+00
5.337422e-01 3.802823e-01 0.000000e+00
4.931224e-01 4.316933e-01 0.000000e+00
4.475736e-01 4.787855e-01 0.000000e+00
-5.553390e-01 -3.457590e-01 0.000000e+00
3.975239e-01 5.211484e-01 0.000000e+00
3.435087e-01 5.583039e-01 0.000000e+00
2.861629e-01 5.898702e-01 0.000000e+00
-5.879249e-01 -2.884275e-01 0.000000e+00
2.260479e-01 6.156189e-01 0.000000e+00
-6.144051e-01 -2.282615e-01 0.000000e+00
1.635930e-01 6.353002e-01 0.000000e+00
-6.345077e-01 -1.660660e-01 0.000000e+00
-6.481914e-01 -1.027957e-01 0.000000e+00
9.925034e-02 6.486320e-01 0.000000e+00
-5.358701e-01 3.790611e-01 0.000000e+00
-4.955193e-01 4.302912e-01 0.000000e+00
-4.501826e-01 4.775570e-01 0.000000e+00
-5.708337e-01 3.246533e-01 0.000000e+00
3.357820e-02 6.554544e-01 0.000000e+00
-6.556316e-01 -3.927000e-02 0.000000e+00
-4.002513e-01 5.202143e-01 0.000000e+00
-3.461775e-01 5.577610e-01 0.000000e+00
-2.884558e-01 5.897756e-01 0.000000e+00
-3.277935e-02 6.556478e-01 0.000000e+00
-6.000500e-01 2.678841e-01 0.000000e+00
-2.276179e-01 6.158712e-01 0.000000e+00
-9.902601e-02 6.490601e-01 0.000000e+00
-1.642490e-01 6.357235e-01 0.000000e+00
-6.570003e-01 2.400894e-02 0.000000e+00
-6.235690e-01 2.092614e-01 0.000000e+00
-6.523215e-01 8.683746e-02 0.000000e+00
-6.412061e-01 1.488226e-01 0.000000e+00
-1.501543e-01 -6.793007e-01 0.000000e+00
-2.069137e-01 -6.639658e-01 0.000000e+00
-9.079606e-02 -6.901131e-01 0.000000e+00
-2.621874e-01 -6.447243e-01 0.000000e+00
-2.954438e-02 -6.958677e-01 0.000000e+00
-3.174897e-01 -6.205794e-01 0.000000e+00
3.270210e-02 -6.966138e-01 0.000000e+00
9.610715e-02 -6.919448e-01 0.000000e+00
-3.733315e-01 -5.902966e-01 0.000000e+00
1.608724e-01 -6.809532e-01 0.000000e+00
-4.290937e-01 -5.530987e-01 0.000000e+00
2.265054e-01 -6.630212e-01 0.000000e+00
2.917194e-01 -6.381832e-01 0.000000e+00
-4.832113e-01 -5.087852e-01 0.000000e+00
3.547378e-01 -6.065070e-01 0.000000e+00
4.144142e-01 -5.685336e-01 0.000000e+00
4.700291e-01 -5.245416e-01 0.000000e+00
-5.334276e-01 -4.579641e-01 0.000000e+00
5.207305e-01 -4.747032e-01 0.000000e+00
5.659183e-01 -4.199226e-01 0.000000e+00
6.051799e-01 -3.610587e-01 0.000000e+00
6.385584e-01 -2.988165e-01 0.000000e+00
6.656555e-01 -2.335817e-01 0.000000e+00
6.855569e-01 -1.658846e-01 0.000000e+00
6.983341e-01 -9.665848e-02 0.000000e+00
7.043904e-01 -2.640932e-02 0.000000e+00
7.037311e-01 4.462468e-02 0.000000e+00
6.958428e-01 1.157406e-01 0.000000e+00
6.803492e-01 1.857203e-01 0.000000e+00
6.578616e-01 2.534966e-01 0.000000e+00
6.291321e-01 3.185057e-01 0.000000e+00
5.943802e-01 3.801559e-01 0.000000e+00
-5.777705e-01 -4.018352e-01 0.000000e+00
5.536379e-01 4.376131e-01 0.000000e+00
5.073099e-01 4.904577e-01 0.000000e+00
4.557980e-01 5.386922e-01 0.000000e+00
3.994684e-01 5.817056e-01 0.000000e+00
-6.159852e-01 -3.419378e-01 0.000000e+00
3.392753e-01 6.185804e-01 0.000000e+00
2.762400e-01 6.493198e-01 0.000000e+00
-6.482805e-01 -2.788610e-01 0.000000e+00
2.105366e-01 6.740629e-01 0.000000e+00
-6.737424e-01 -2.128126e-01 0.000000e+00
1.421655e-01 6.920666e-01 0.000000e+00
-6.916817e-01 -1.450427e-01 0.000000e+00
7.196752e-02 7.028065e-01 0.000000e+00
-7.026715e-01 -7.698727e-02 0.000000e+00
-5.553763e-01 4.361485e-01 0.000000e+00
-5.094034e-01 4.891267e-01 0.000000e+00
-5.961385e-01 3.793782e-01 0.000000e+00
-4.582211e-01 5.376236e-01 0.000000e+00
-4.021118e-01 5.809911e-01 0.000000e+00
8.646943e-04 7.067347e-01 0.000000e+00
-6.309764e-01 3.194915e-01 0.000000e+00
-3.416537e-01 6.186928e-01 0.000000e+00
-2.775508e-01 6.501724e-01 0.000000e+00
-7.057041e-02 7.036086e-01 0.000000e+00
-7.074299e-01 -9.262860e-03 0.000000e+00
-2.105791e-01 6.749248e-01 0.000000e+00
-1.413865e-01 6.928456e-01 0.000000e+00
-6.592192e-01 2.574892e-01 0.000000e+00
-7.062737e-01 5.820234e-02 0.000000e+00
-6.828168e-01 1.934579e-01 0.000000e+00
-6.990865e-01 1.263544e-01 0.000000e+00
-1.936580e-01 -7.238900e-01 0.000000e+00
-1.318273e-01 -7.403173e-01 0.000000e+00
-2.521128e-01 -7.044468e-01 0.000000e+00
-6.594165e-02 -7.484702e-01 0.000000e+00
-3.115112e-01 -6.823768e-01 0.000000e+00
4.560002e-05 -7.515920e-01 0.000000e+00
6.707209e-02 -7.498922e-01 0.000000e+00
-3.713109e-01 -6.534186e-01 0.000000e+00
1.367076e-01 -7.427576e-01 0.000000e+00
-4.314869e-01 -6.184870e-01 0.000000e+00
2.078877e-01 -7.266440e-01 0.000000e+00
2.794248e-01 -7.031378e-01 0.000000e+00
-4.912482e-01 -5.750256e-01 0.000000e+00
3.491588e-01 -6.726976e-01 0.000000e+00
4.144313e-01 -6.348040e-01 0.000000e+00
-5.496142e-01 -5.234966e-01 0.000000e+00
4.770476e-01 -5.922576e-01 0.000000e+00
5.350614e-01 -5.413976e-01 0.000000e+00
5.872202e-01 -4.837141e-01 0.000000e+00
6.328439e-01 -4.215365e-01 0.000000e+00
6.714062e-01 -3.556405e-01 0.000000e+00
7.058409e-01 -2.872160e-01 0.000000e+00
7.317719e-01 -2.145726e-01 0.000000e+00
7.474066e-01 -1.403521e-01 0.000000e+00
7.564042e-01 -6.654421e-02 0.000000e+00
-6.011766e-01 -4.639396e-01 0.000000e+00
7.593189e-01 8.075650e-03 0.000000e+00
7.564591e-01 8.465221e-02 0.000000e+00
7.437796e-01 1.616852e-01 0.000000e+00
7.218352e-01 2.364971e-01 0.000000e+00
6.937046e-01 3.080762e-01 0.000000e+00
6.603458e-01 3.771045e-01 0.000000e+00
6.205055e-01 4.419429e-01 0.000000e+00
5.735061e-01 5.006083e-01 0.000000e+00
5.212126e-01 5.544330e-01 0.000000e+00
-6.438079e-01 -4.002668e-01 0.000000e+00
4.626925e-01 6.048724e-01 0.000000e+00
3.984149e-01 6.481175e-01 0.000000e+00
-6.823431e-01 -3.357045e-01 0.000000e+00
3.317634e-01 6.830188e-01 0.000000e+00
2.641333e-01 7.131240e-01 0.000000e+00
-7.160559e-01 -2.666045e-01 0.000000e+00
1.923491e-01 7.379667e-01 0.000000e+00
-7.393546e-01 -1.929219e-01 0.000000e+00
1.165780e-01 7.533187e-01 0.000000e+00
-7.527989e-01 -1.194415e-01 0.000000e+00
-5.733855e-01 4.989251e-01 0.000000e+00
-6.197038e-01 4.401475e-01 0.000000e+00
4.042393e-02 7.601543e-01 0.000000e+00
-5.217523e-01 5.537738e-01 0.000000e+00
-4.638815e-01 6.037028e-01 0.000000e+00
-6.624024e-01 3.774956e-01 0.000000e+00
-7.603004e-01 -4.774732e-02 0.000000e+00
-4.003937e-01 6.480603e-01 0.000000e+00
-3.599057e-02 7.626069e-01 0.000000e+00
-3.323212e-01 6.861247e-01 0.000000e+00
-1.129645e-01 7.554881e-01 0.000000e+00
-2.610652e-01 7.166957e-01 0.000000e+00
-1.880042e-01 7.391775e-01 0.000000e+00
-6.965333e-01 3.108177e-01 0.000000e+00
-7.625741e-01 2.306765e-02 0.000000e+00
-7.217605e-01 2.441653e-01 0.000000e+00
-7.603124e-01 9.451754e-02 0.000000e+00
-7.542620e-01 1.739709e-01 0.000000e+00
-1.851074e-01 -7.977644e-01 0.000000e+00
-2.382708e-01 -7.585691e-01 0.000000e+00
-1.070398e-01 -8.063897e-01 0.000000e+00
-3.027460e-01 -7.521644e-01 0.000000e+00
-3.690039e-02 -8.104800e-01 0.000000e+00
3.257958e-02 -8.110959e-01 0.000000e+00
-3.666972e-01 -7.177681e-01 0.000000e+00
1.042934e-01 -8.082699e-01 0.000000e+00
-4.310244e-01 -6.890526e-01 0.000000e+00
1.858534e-01 -8.026665e-01 0.000000e+00
-4.962216e-01 -6.488155e-01 0.000000e+00
2.614072e-01 -7.707302e-01 0.000000e+00
3.432971e-01 -7.498575e-01 0.000000e+00
-5.611434e-01 -5.980936e-01 0.000000e+00
4.133519e-01 -7.052200e-01 0.000000e+00
4.781611e-01 -6.653270e-01 0.000000e+00
5.507060e-01 -6.224372e-01 0.000000e+00
-6.314141e-01 -5.380428e-01 0.000000e+00
6.062764e-01 -5.542818e-01 0.000000e+00
6.651693e-01 -4.920959e-01 0.000000e+00
7.050703e-01 -4.165955e-01 0.000000e+00
7.438122e-01 -3.474685e-01 0.000000e+00
7.884918e-01 -2.717206e-01 0.000000e+00
8.023852e-01 -1.859044e-01 0.000000e+00
8.116786e-01 -1.093195e-01 0.000000e+00
8.165474e-01 -3.369280e-02 0.000000e+00
8.179229e-01 4.369239e-02 0.000000e+00
8.198593e-01 1.308797e-01 0.000000e+00
7.901149e-01 2.144220e-01 0.000000e+00
7.655248e-01 2.944796e-01 0.000000e+00
-6.738284e-01 -4.609815e-01 0.000000e+00
7.272986e-01 3.669104e-01 0.000000e+00
6.979174e-01 4.456103e-01 0.000000e+00
6.454428e-01 5.098951e-01 0.000000e+00
5.949550e-01 5.684478e-01 0.000000e+00
5.353871e-01 6.230901e-01 0.000000e+00
4.686266e-01 6.842504e-01 0.000000e+00
-7.119079e-01 -3.958474e-01 0.000000e+00
3.901260e-01 7.166538e-01 0.000000e+00
3.233810e-01 7.502458e-01 0.000000e+00
-7.591058e-01 -3.321465e-01 0.000000e+00
2.532055e-01 7.819695e-01 0.000000e+00
-7.979318e-01 -2.498052e-01 0.000000e+00
1.712218e-01 8.136097e-01 0.000000e+00
-8.083126e-01 -1.647151e-01 0.000000e+00
8.494085e-02 8.145045e-01 0.000000e+00
-8.158286e-01 -8.966468e-02 0.000000e+00
-6.409912e-01 5.062310e-01 0.000000e+00
-5.910783e-01 5.683124e-01 0.000000e+00
-5.323619e-01 6.257778e-01 0.000000e+00
-6.883056e-01 4.431896e-01 0.000000e+00
8.120919e-03 8.217490e-01 0.000000e+00
-4.657455e-01 6.777483e-01 0.000000e+00
-3.928326e-01 7.239544e-01 0.000000e+00
-7.736866e-02 8.311402e-01 0.000000e+00
-3.152687e-01 7.626533e-01 0.000000e+00
-1.596815e-01 8.077831e-01 0.000000e+00
-2.367638e-01 7.904721e-01 0.000000e+00
-7.423936e-01 3.729678e-01 0.000000e+00
-8.198018e-01 -1.695495e-02 0.000000e+00
-7.627848e-01 2.930029e-01 0.000000e+00
-8.206701e-01 5.471585e-02 0.000000e+00
-8.583013e-01 -1.000000e+00 0.000000e+00
-9.291506e-01 -1.000000e+00 0.000000e+00
-8.964052e-01 -9.402992e-01 0.000000e+00
-9.609670e-01 -9.440751e-01 0.000000e+00
-1.000000e+00 -1.000000e+00 0.000000e+00
-1.000000e+00 -9.474012e-01 0.000000e+00
-1.000000e+00 -8.948023e-01 0.000000e+00
-8.248717e-01 -9.386743e-01 0.000000e+00
-9.406803e-01 -8.841680e-01 0.000000e+00
-7.874517e-01 -1.000000e+00 0.000000e+00
-1.000000e+00 -8.422035e-01 0.000000e+00
-7.527039e-01 -9.385471e-01 0.000000e+00
-7.166021e-01 -1.000000e+00 0.000000e+00
-8.669469e-01 -8.768974e-01 0.000000e+00
-9.209763e-01 -8.092961e-01 0.000000e+00
-6.813390e-01 -9.385854e-01 0.000000e+00
-6.457523e-01 -1.000000e+00 0.000000e+00
-7.906348e-01 -8.766892e-01 0.000000e+00
-6.103659e-01 -9.385375e-01 0.000000e+00
-1.000000e+00 -7.713532e-01 0.000000e+00
-5.749025e-01 -1.000000e+00 0.000000e+00
-7.174543e-01 -8.770566e-01 0.000000e+00
-5.394457e-01 -9.384799e-01 0.000000e+00
-5.040525e-01 -1.000000e+00 0.000000e+00
-6.460483e-01 -8.770148e-01 0.000000e+00
-8.317490e-01 -8.131586e-01 0.000000e+00
-9.374139e-01 -7.301589e-01 0.000000e+00
-4.685445e-01 -9.385531e-01 0.000000e+00
-4.332025e-01 -1.000000e+00 0.000000e+00
-5.749819e-01 -8.765372e-01 0.000000e+00
-7.547197e-01 -8.150370e-01 0.000000e+00
-3.977655e-01 -9.386566e-01 0.000000e+00
-1.000000e+00 -7.005026e-01 0.000000e+00
-3.623524e-01 -1.000000e+00 0.000000e+00
-5.036717e-01 -8.764247e-01 0.000000e+00
-8.676143e-01 -7.475524e-01 0.000000e+00
-6.821840e-01 -8.155905e-01 0.000000e+00
-3.270505e-01 -9.384367e-01 0.000000e+00
-2.915021e-01 -1.000000e+00 0.000000e+00
-4.327003e-01 -8.773022e-01 0.000000e+00
-6.114314e-01 -8.145908e-01 0.000000e+00
-7.923664e-01 -7.520854e-01 0.000000e+00
-9.410572e-01 -6.613947e-01 0.000000e+00
-2.560865e-01 -9.375771e-01 0.000000e+00
-2.206518e-01 -1.000000e+00 0.000000e+00
-3.625814e-01 -8.777112e-01 0.000000e+00
-5.393372e-01 -8.118581e-01 0.000000e+00
-7.184752e-01 -7.539379e-01 0.000000e+00
-1.847423e-01 -9.366709e-01 0.000000e+00
-8.908029e-01 -6.905308e-01 0.000000e+00
-1.000000e+00 -6.296517e-01 0.000000e+00
-1.498014e-01 -1.000000e+00 0.000000e+00
-2.924612e-01 -8.762577e-01 0.000000e+00
-4.659899e-01 -8.134798e-01 0.000000e+00
-6.485324e-01 -7.546071e-01 0.000000e+00
-8.291568e-01 -6.892642e-01 0.000000e+00
-1.134103e-01 -9.366942e-01 0.000000e+00
-7.895082e-02 -1.000000e+00 0.000000e+00
-2.207714e-01 -8.723770e-01 0.000000e+00
-3.962225e-01 -8.188853e-01 0.000000e+00
-5.802666e-01 -7.493364e-01 0.000000e+00
-9.406299e-01 -5.928119e-01 0.000000e+00
-7.550967e-01 -6.915620e-01 0.000000e+00
-4.240633e-02 -9.372122e-01 0.000000e+00
-8.100194e-03 -1.000000e+00 0.000000e+00
-1.477162e-01 -8.708122e-01 0.000000e+00
-3.294345e-01 -8.178434e-01 0.000000e+00
-4.999165e-01 -7.359368e-01 0.000000e+00
-6.824735e-01 -6.934709e-01 0.000000e+00
-8.737736e-01 -6.258443e-01 0.000000e+00
2.849280e-02 -9.373406e-01 0.000000e+00
-1.000000e+00 -5.588005e-01 0.000000e+00
6.275053e-02 -1.000000e+00 0.000000e+00
-7.568196e-02 -8.729060e-01 0.000000e+00
-2.608060e-01 -8.127041e-01 0.000000e+00
-4.211045e-01 -7.578121e-01 0.000000e+00
-6.217000e-01 -7.003303e-01 0.000000e+00
-7.928766e-01 -6.283373e-01 0.000000e+00
9.961118e-02 -9.370814e-01 0.000000e+00
1.336014e-01 -1.000000e+00 0.000000e+00
-4.983308e-03 -8.740713e-01 0.000000e+00
-3.633601e-01 -7.720152e-01 0.000000e+00
-9.379350e-01 -5.240835e-01 0.000000e+00
-5.653242e-01 -6.766495e-01 0.000000e+00
-7.181017e-01 -6.313636e-01 0.000000e+00
1.705681e-01 -9.373950e-01 0.000000e+00
2.044523e-01 -1.000000e+00 0.000000e+00
6.605553e-02 -8.736047e-01 0.000000e+00
-8.888691e-01 -5.593060e-01 0.000000e+00
-6.377691e-01 -6.300241e-01 0.000000e+00
2.408003e-01 -9.384178e-01 0.000000e+00
-8.266269e-01 -5.632681e-01 0.000000e+00
-1.000000e+00 -4.879490e-01 0.000000e+00
2.753033e-01 -1.000000e+00 0.000000e+00
1.386254e-01 -8.724195e-01 0.000000e+00
3.108708e-01 -9.388665e-01 0.000000e+00
-7.538617e-01 -5.697485e-01 0.000000e+00
3.461544e-01 -1.000000e+00 0.000000e+00
2.091914e-01 -8.758850e-01 0.000000e+00
-9.348771e-01 -4.531071e-01 0.000000e+00
3.814408e-01 -9.387172e-01 0.000000e+00
-6.899077e-01 -5.764369e-01 0.000000e+00
4.170057e-01 -1.000000e+00 0.000000e+00
2.766170e-01 -8.791741e-01 0.000000e+00
-8.642513e-01 -4.938070e-01 0.000000e+00
4.523059e-01 -9.386170e-01 0.000000e+00
-7.847192e-01 -5.051636e-01 0.000000e+00
-1.000000e+00 -4.170972e-01 0.000000e+00
4.878570e-01 -1.000000e+00 0.000000e+00
3.456102e-01 -8.780122e-01 0.000000e+00
5.232114e-01 -9.385805e-01 0.000000e+00
-7.125387e-01 -5.163977e-01 0.000000e+00
5.587084e-01 -1.000000e+00 0.000000e+00
4.163973e-01 -8.774026e-01 0.000000e+00
2.474813e-01 -8.283348e-01 0.000000e+00
-9.366867e-01 -3.810709e-01 0.000000e+00
5.941159e-01 -9.385876e-01 0.000000e+00
6.295599e-01 -1.000000e+00 0.000000e+00
4.874042e-01 -8.770291e-01 0.000000e+00
-8.081279e-01 -4.386073e-01 0.000000e+00
3.086513e-01 -8.195502e-01 0.000000e+00
-8.723580e-01 -4.140508e-01 0.000000e+00
6.650133e-01 -9.385402e-01 0.000000e+00
-1.000000e+00 -3.462452e-01 0.000000e+00
-7.434326e-01 -4.516733e-01 0.000000e+00
7.004115e-01 -1.000000e+00 0.000000e+00
5.585264e-01 -8.769539e-01 0.000000e+00
3.798352e-01 -8.171310e-01 0.000000e+00
7.359138e-01 -9.381226e-01 0.000000e+00
7.712632e-01 -1.000000e+00 0.000000e+00
6.296106e-01 -8.770987e-01 0.000000e+00
4.505764e-01 -8.159782e-01 0.000000e+00
-9.373411e-01 -3.106396e-01 0.000000e+00
8.066142e-01 -9.364159e-01 0.000000e+00
-8.175162e-01 -3.726684e-01 0.000000e+00
8.421150e-01 -1.000000e+00 0.000000e+00
7.006483e-01 -8.768342e-01 0.000000e+00
-7.681029e-01 -3.970218e-01 0.000000e+00
5.221286e-01 -8.140983e-01 0.000000e+00
-8.765120e-01 -3.446242e-01 0.000000e+00
8.753763e-01 -9.315831e-01 0.000000e+00
-1.000000e+00 -2.753928e-01 0.000000e+00
8.947434e-01 -1.000000e+00 0.000000e+00
7.717770e-01 -8.752693e-01 0.000000e+00
5.941896e-01 -8.152026e-01 0.000000e+00
4.139153e-01 -7.659864e-01 0.000000e+00
9.406232e-01 -9.284572e-01 0.000000e+00
9.473717e-01 -1.000000e+00 0.000000e+00
8.428629e-01 -8.700745e-01 0.000000e+00
6.655247e-01 -8.154182e-01 0.000000e+00
1.000000e+00 -9.291479e-01 0.000000e+00
1.000000e+00 -1.000000e+00 0.000000e+00
4.815774e-01 -7.449293e-01 0.000000e+00
-9.368555e-01 -2.401078e-01 0.000000e+00
1.000000e+00 -8.582958e-01 0.000000e+00
9.230726e-01 -8.509226e-01 0.000000e+00
-8.240921e-01 -3.141938e-01 0.000000e+00
7.369589e-01 -8.147578e-01 0.000000e+00
-8.737556e-01 -2.769260e-01 0.000000e+00
1.000000e+00 -7.874434e-01 0.000000e+00
5.592065e-01 -7.523827e-01 0.000000e+00
-1.000000e+00 -2.045402e-01 0.000000e+00
8.084659e-01 -8.115970e-01 0.000000e+00
6.307196e-01 -7.529974e-01 0.000000e+00
8.715187e-01 -8.093051e-01 0.000000e+00
9.294225e-01 -7.673551e-01 0.000000e+00
7.029429e-01 -7.534305e-01 0.000000e+00
-9.372373e-01 -1.686534e-01 0.000000e+00
1.000000e+00 -7.165910e-01 0.000000e+00
5.325300e-01 -6.948444e-01 0.000000e+00
9.290287e-01 -6.933865e-01 0.000000e+00
8.542384e-01 -7.431708e-01 0.000000e+00
-8.715039e-01 -2.050892e-01 0.000000e+00
7.747787e-01 -7.529693e-01 0.000000e+00
5.955330e-01 -6.894401e-01 0.000000e+00
1.000000e+00 -6.457385e-01 0.000000e+00
-1.000000e+00 -1.336872e-01 0.000000e+00
9.303381e-01 -6.200724e-01 0.000000e+00
8.625114e-01 -6.649930e-01 0.000000e+00
6.701480e-01 -6.886620e-01 0.000000e+00
1.000000e+00 -5.748859e-01 0.000000e+00
8.057717e-01 -6.990974e-01 0.000000e+00
9.308572e-01 -5.475983e-01 0.000000e+00
7.439560e-01 -6.922211e-01 0.000000e+00
8.621275e-01 -5.928809e-01 0.000000e+00
-9.384232e-01 -9.692161e-02 0.000000e+00
1.000000e+00 -5.040332e-01 0.000000e+00
7.969736e-01 -6.389310e-01 0.000000e+00
9.315147e-01 -4.750320e-01 0.000000e+00
-8.750832e-01 -1.308329e-01 0.000000e+00
8.621411e-01 -5.194202e-01 0.000000e+00
1.000000e+00 -4.331804e-01 0.000000e+00
6.343300e-01 -6.230192e-01 0.000000e+00
7.930387e-01 -5.656816e-01 0.000000e+00
7.186747e-01 -6.160068e-01 0.000000e+00
-1.000000e+00 -6.283396e-02 0.000000e+00
9.325539e-01 -4.025996e-01 0.000000e+00
8.624008e-01 -4.450132e-01 0.000000e+00
1.000000e+00 -3.623275e-01 0.000000e+00
7.940148e-01 -4.910725e-01 0.000000e+00
7.280408e-01 -5.337652e-01 0.000000e+00
9.334839e-01 -3.306532e-01 0.000000e+00
8.655100e-01 -3.713747e-01 0.000000e+00
-9.392813e-01 -2.550555e-02 0.000000e+00
1.000000e+00 -2.914744e-01 0.000000e+00
6.695474e-01 -5.643796e-01 0.000000e+00
7.874595e-01 -4.117873e-01 0.000000e+00
9.340028e-01 -2.587937e-01 0.000000e+00
7.346566e-01 -4.694355e-01 0.000000e+00
-8.781548e-01 -5.804402e-02 0.000000e+00
8.662565e-01 -2.994650e-01 0.000000e+00
1.000000e+00 -2.206213e-01 0.000000e+00
8.096009e-01 -3.403724e-01 0.000000e+00
-1.000000e+00 8.019580e-03 0.000000e+00
9.352389e-01 -1.865110e-01 0.000000e+00
8.664133e-01 -2.254952e-01 0.000000e+00
1.000000e+00 -1.497681e-01 0.000000e+00
9.370141e-01 -1.141338e-01 0.000000e+00
8.716058e-01 -1.500266e-01 0.000000e+00
-9.396758e-01 4.555219e-02 0.000000e+00
1.000000e+00 -7.891484e-02 0.000000e+00
9.382215e-01 -4.190695e-02 0.000000e+00
-8.796628e-01 1.376485e-02 0.000000e+00
8.756051e-01 -7.572740e-02 0.000000e+00
1.000000e+00 -8.061441e-03 0.000000e+00
-1.000000e+00 7.887341e-02 0.000000e+00
9.390474e-01 3.002577e-02 0.000000e+00
8.776535e-01 -1.471055e-03 0.000000e+00
1.000000e+00 6.279206e-02 0.000000e+00
9.404552e-01 1.000314e-01 0.000000e+00
8.797810e-01 7.245350e-02 0.000000e+00
-9.398208e-01 1.162928e-01 0.000000e+00
1.000000e+00 1.336456e-01 0.000000e+00
9.386988e-01 1.692147e-01 0.000000e+00
-8.800525e-01 8.485840e-02 0.000000e+00
8.883849e-01 1.348401e-01 0.000000e+00
1.000000e+00 2.044993e-01 0.000000e+00
-1.000000e+00 1.497275e-01 0.000000e+00
9.372042e-01 2.402781e-01 0.000000e+00
8.677524e-01 2.037269e-01 0.000000e+00
1.000000e+00 2.753531e-01 0.000000e+00
9.388281e-01 3.115920e-01 0.000000e+00
8.781596e-01 2.797136e-01 0.000000e+00
-9.398431e-01 1.867796e-01 0.000000e+00
1.000000e+00 3.462070e-01 0.000000e+00
-8.198784e-01 1.265922e-01 0.000000e+00
9.391871e-01 3.821206e-01 0.000000e+00
8.244040e-01 2.609939e-01 0.000000e+00
-8.803600e-01 1.552361e-01 0.000000e+00
8.798225e-01 3.486979e-01 0.000000e+00
1.000000e+00 4.170610e-01 0.000000e+00
8.242873e-01 3.199209e-01 0.000000e+00
-1.000000e+00 2.205820e-01 0.000000e+00
9.390785e-01 4.527250e-01 0.000000e+00
8.794864e-01 4.181689e-01 0.000000e+00
1.000000e+00 4.879151e-01 0.000000e+00
8.242274e-01 3.853509e-01 0.000000e+00
9.388975e-01 5.234529e-01 0.000000e+00
7.807405e-01 3.567659e-01 0.000000e+00
8.785796e-01 4.883401e-01 0.000000e+00
-9.396182e-01 2.571603e-01 0.000000e+00
1.000000e+00 5.587693e-01 0.000000e+00
8.207055e-01 4.533330e-01 0.000000e+00
-8.223896e-01 1.960664e-01 0.000000e+00
9.387718e-01 5.942494e-01 0.000000e+00
7.678091e-01 4.164592e-01 0.000000e+00
-8.805636e-01 2.247099e-01 0.000000e+00
8.779146e-01 5.589272e-01 0.000000e+00
1.000000e+00 6.296236e-01 0.000000e+00
8.181709e-01 5.233323e-01 0.000000e+00
-1.000000e+00 2.914367e-01 0.000000e+00
9.386950e-01 6.650715e-01 0.000000e+00
7.608498e-01 4.862610e-01 0.000000e+00
8.775448e-01 6.296890e-01 0.000000e+00
1.000000e+00 7.004779e-01 0.000000e+00
8.165730e-01 5.939341e-01 0.000000e+00
9.385843e-01 7.358445e-01 0.000000e+00
7.562223e-01 5.562659e-01 0.000000e+00
8.773648e-01 7.005203e-01 0.000000e+00
7.076333e-01 5.171267e-01 0.000000e+00
-9.391698e-01 3.276821e-01 0.000000e+00
1.000000e+00 7.713324e-01 0.000000e+00
-7.765330e-01 2.343878e-01 0.000000e+00
8.159629e-01 6.649703e-01 0.000000e+00
-8.230195e-01 2.622696e-01 0.000000e+00
9.381407e-01 8.061357e-01 0.000000e+00
7.526186e-01 6.279511e-01 0.000000e+00
-8.793627e-01 2.941836e-01 0.000000e+00
8.770677e-01 7.712937e-01 0.000000e+00
6.804242e-01 5.837911e-01 0.000000e+00
1.000000e+00 8.421870e-01 0.000000e+00
8.159354e-01 7.360475e-01 0.000000e+00
-1.000000e+00 3.622917e-01 0.000000e+00
9.365623e-01 8.732583e-01 0.000000e+00
7.537442e-01 7.005107e-01 0.000000e+00
8.759638e-01 8.417825e-01 0.000000e+00
1.000000e+00 8.947913e-01 0.000000e+00
6.875863e-01 6.654381e-01 0.000000e+00
8.155827e-01 8.072281e-01 0.000000e+00
9.325383e-01 9.386806e-01 0.000000e+00
1.000000e+00 9.473957e-01 0.000000e+00
7.543484e-01 7.718408e-01 0.000000e+00
6.137819e-01 6.389264e-01 0.000000e+00
8.725076e-01 9.129627e-01 0.000000e+00
-9.388903e-01 3.983951e-01 0.000000e+00
6.916498e-01 7.369101e-01 0.000000e+00
8.147943e-01 8.790263e-01 0.000000e+00
-8.167648e-01 3.315731e-01 0.000000e+00
6.262806e-01 7.070967e-01 0.000000e+00
1.000000e+00 1.000000e+00 0.000000e+00
9.291451e-01 1.000000e+00 0.000000e+00
7.540751e-01 8.446336e-01 0.000000e+00
8.582902e-01 1.000000e+00 0.000000e+00
8.170224e-01 9.433864e-01 0.000000e+00
-8.778016e-01 3.646780e-01 0.000000e+00
6.928348e-01 8.074575e-01 0.000000e+00
5.540749e-01 6.915716e-01 0.000000e+00
6.315776e-01 7.731570e-01 0.000000e+00
-1.000000e+00 4.331470e-01 0.000000e+00
7.874351e-01 1.000000e+00 0.000000e+00
7.530682e-01 9.265253e-01 0.000000e+00
5.772047e-01 7.458643e-01 0.000000e+00
6.924209e-01 8.793980e-01 0.000000e+00
6.316966e-01 8.424668e-01 0.000000e+00
5.704986e-01 8.058518e-01 0.000000e+00
-9.388837e-01 4.691211e-01 0.000000e+00
6.884507e-01 9.438752e-01 0.000000e+00
5.078294e-01 7.604924e-01 0.000000e+00
7.165800e-01 1.000000e+00 0.000000e+00
-8.149033e-01 4.044587e-01 0.000000e+00
6.334501e-01 9.152660e-01 0.000000e+00
5.705435e-01 8.778480e-01 0.000000e+00
-8.778094e-01 4.354639e-01 0.000000e+00
4.380840e-01 7.507288e-01 0.000000e+00
5.083358e-01 8.414979e-01 0.000000e+00
6.457247e-01 1.000000e+00 0.000000e+00
-1.000000e+00 5.040026e-01 0.000000e+00
4.452614e-01 8.116464e-01 0.000000e+00
5.727204e-01 9.509897e-01 0.000000e+00
5.099506e-01 9.157308e-01 0.000000e+00
3.834542e-01 7.838240e-01 0.000000e+00
4.498800e-01 8.828375e-01 0.000000e+00
5.748693e-01 1.000000e+00 0.000000e+00
-7.565729e-01 4.523757e-01 0.000000e+00
-9.388441e-01 5.397864e-01 0.000000e+00
3.861657e-01 8.536737e-01 0.000000e+00
5.040138e-01 1.000000e+00 0.000000e+00
-8.187397e-01 4.745483e-01 0.000000e+00
4.575989e-01 9.457777e-01 0.000000e+00
3.202732e-01 8.199412e-01 0.000000e+00
-8.781606e-01 5.056749e-01 0.000000e+00
3.919514e-01 9.322387e-01 0.000000e+00
3.232173e-01 8.917992e-01 0.000000e+00
-1.000000e+00 5.748585e-01 0.000000e+00
4.331582e-01 1.000000e+00 0.000000e+00
2.515019e-01 8.556254e-01 0.000000e+00
3.262687e-01 9.522507e-01 0.000000e+00
3.623026e-01 1.000000e+00 0.000000e+00
-7.693577e-01 5.113659e-01 0.000000e+00
2.556509e-01 9.348357e-01 0.000000e+00
-9.385924e-01 6.104959e-01 0.000000e+00
-7.101713e-01 5.111444e-01 0.000000e+00
-8.177878e-01 5.423594e-01 0.000000e+00
1.837110e-01 8.914239e-01 0.000000e+00
2.914468e-01 1.000000e+00 0.000000e+00
-8.776654e-01 5.757095e-01 0.000000e+00
1.218122e-01 8.645731e-01 0.000000e+00
1.857954e-01 9.516428e-01 0.000000e+00
2.205909e-01 1.000000e+00 0.000000e+00
-1.000000e+00 6.457147e-01 0.000000e+00
1.163553e-01 9.318356e-01 0.000000e+00
5.802791e-02 8.766558e-01 0.000000e+00
1.497350e-01 1.000000e+00 0.000000e+00
-7.480830e-01 5.774420e-01 0.000000e+00
-9.381327e-01 6.814801e-01 0.000000e+00
3.714122e-02 9.413115e-01 0.000000e+00
-1.447154e-02 8.893193e-01 0.000000e+00
-8.159337e-01 6.111617e-01 0.000000e+00
7.887889e-02 1.000000e+00 0.000000e+00
-8.764434e-01 6.462104e-01 0.000000e+00
-6.658451e-01 5.762753e-01 0.000000e+00
-2.354676e-02 9.499383e-01 0.000000e+00
-8.609469e-02 9.221574e-01 0.000000e+00
8.022722e-03 1.000000e+00 0.000000e+00
-1.000000e+00 7.165711e-01 0.000000e+00
-1.366611e-01 8.705175e-01 0.000000e+00
-2.029470e-01 8.649176e-01 0.000000e+00
-6.283354e-02 1.000000e+00 0.000000e+00
-7.629335e-01 6.443275e-01 0.000000e+00
-1.636336e-01 9.323550e-01 0.000000e+00
-9.380125e-01 7.525581e-01 0.000000e+00
-6.986956e-01 6.455504e-01 0.000000e+00
-1.336899e-01 1.000000e+00 0.000000e+00
-8.123422e-01 6.812811e-01 0.000000e+00
-2.905612e-01 8.551494e-01 0.000000e+00
-2.391706e-01 9.324073e-01 0.000000e+00
-8.743079e-01 7.185406e-01 0.000000e+00
-6.125285e-01 6.519416e-01 0.000000e+00
-3.755010e-01 8.080902e-01 0.000000e+00
-2.045464e-01 1.000000e+00 0.000000e+00
-1.000000e+00 7.874279e-01 0.000000e+00
-4.652512e-01 7.672609e-01 0.000000e+00
-3.119202e-01 9.383633e-01 0.000000e+00
-5.374023e-01 7.039728e-01 0.000000e+00
-3.637685e-01 8.891938e-01 0.000000e+00
-2.754029e-01 1.000000e+00 0.000000e+00
-4.332252e-01 8.537263e-01 0.000000e+00
-7.420836e-01 7.059707e-01 0.000000e+00
-5.503553e-01 7.776594e-01 0.000000e+00
-6.656193e-01 7.193788e-01 0.000000e+00
-9.381035e-01 8.232971e-01 0.000000e+00
-3.695814e-01 9.513424e-01 0.000000e+00
-5.987680e-01 7.302064e-01 0.000000e+00
-5.065685e-01 8.356708e-01 0.000000e+00
-8.018153e-01 7.629946e-01 0.000000e+00
-4.197746e-01 9.254126e-01 0.000000e+00
-3.462596e-01 1.000000e+00 0.000000e+00
-8.760533e-01 7.899236e-01 0.000000e+00
-4.813693e-01 9.002600e-01 0.000000e+00
-5.690344e-01 8.346760e-01 0.000000e+00
-6.288416e-01 7.977711e-01 0.000000e+00
-4.171163e-01 1.000000e+00 0.000000e+00
-1.000000e+00 8.582850e-01 0.000000e+00
-5.469935e-01 8.879343e-01 0.000000e+00
-4.653401e-01 9.548972e-01 0.000000e+00
-5.219263e-01 9.468031e-01 0.000000e+00
-7.152373e-01 7.816632e-01 0.000000e+00
-6.140690e-01 8.755257e-01 0.000000e+00
-4.879732e-01 1.000000e+00 0.000000e+00
-9.378400e-01 8.941157e-01 0.000000e+00
-5.892169e-01 9.398948e-01 0.000000e+00
-8.261625e-01 8.273152e-01 0.000000e+00
-6.877842e-01 8.592288e-01 0.000000e+00
-7.644402e-01 8.403091e-01 0.000000e+00
-5.588301e-01 1.000000e+00 0.000000e+00
-8.768062e-01 8.592939e-01 0.000000e+00
-6.607705e-01 9.328882e-01 0.000000e+00
-6.296872e-01 1.000000e+00 0.000000e+00
-1.000000e+00 9.291423e-01 0.000000e+00
-7.429015e-01 9.241777e-01 0.000000e+00
-7.005443e-01 1.000000e+00 0.000000e+00
-8.137469e-01 8.888824e-01 0.000000e+00
-9.417528e-01 9.598777e-01 0.000000e+00
-8.071399e-01 9.497390e-01 0.000000e+00
-7.714015e-01 1.000000e+00 0.000000e+00
-8.725403e-01 9.357752e-01 0.000000e+00
-1.000000e+00 1.000000e+00 0.000000e+00
-8.422589e-01 1.000000e+00 0.000000e+00
-8.948393e-01 1.000000e+00 0.000000e+00
-9.474196e-01 1.000000e+00 0.000000e+00
ELEMENTS
TRIANGLE
mesh
2635
1 2 3
3 2 4
1 3 5
4 2 6
4 6 7
1 5 8
8 5 9
8 9 10
10 9 11
10 11 12
12 11 13
12 13 14
14 13 15
14 15 16
16 15 17
16 17 18
18 17 19
7 6 20
7 20 21
21 20 22
21 22 23
18 19 24
24 19 25
23 22 26
23 26 27
27 26 28
27 28 29
29 28 30
29 30 31
31 30 32
31 32 33
33 32 34
33 34 35
35 34 36
35 36 37
37 36 38
37 38 39
39 38 40
39 40 41
41 40 42
41 42 43
43 42 44
43 44 45
45 44 46
45 46 47
47 46 48
47 48 49
49 48 50
49 50 51
51 50 52
51 52 53
53 52 54
53 54 55
55 54 56
55 56 57
57 56 58
57 58 59
59 58 60
59 60 61
61 60 62
24 25 63
63 25 64
61 62 65
65 62 66
65 66 67
67 66 68
67 68 69
69 68 70
69 70 71
63 64 72
72 64 73
71 70 74
71 74 75
75 74 76
75 76 77
72 73 78
78 73 79
77 76 80
77 80 81
81 80 82
78 79 83
83 79 84
81 82 85
83 84 86
86 84 87
85 82 88
85 88 89
86 87 90
90 87 91
90 91 92
92 91 93
92 93 94
94 93 95
94 95 96
96 95 97
89 88 98
96 97 99
99 97 100
89 98 101
101 98 102
101 102 103
103 102 104
103 104 105
99 106 107
105 104 108
105 108 109
109 108 110
109 110 111
111 110 112
111 112 113
113 112 114
113 114 115
115 114 116
115 116 117
117 116 118
117 118 119
119 118 120
119 120 121
121 120 122
121 122 123
123 122 124
123 124 125
125 124 126
125 126 127
127 126 107
127 107 106
99 100 106
13 11 128
15 13 129
11 9 130
3 4 131
5 3 132
9 5 133
17 15 134
4 7 135
19 17 136
7 21 137
21 23 138
25 19 139
23 27 140
64 25 141
27 29 142
29 31 143
31 33 144
41 43 145
33 35 146
43 45 147
39 41 148
35 37 149
37 39 150
45 47 151
73 64 152
47 49 153
57 59 154
59 61 155
55 57 156
61 65 157
53 55 158
51 53 159
49 51 160
65 67 161
79 73 162
67 69 163
69 71 164
71 75 165
84 79 166
75 77 167
87 84 168
77 81 169
91 87 170
81 85 171
93 91 172
95 93 173
97 95 174
85 89 175
127 106 176
125 127 177
123 125 178
121 123 179
119 121 180
117 119 181
115 117 182
113 115 183
111 113 184
106 100 185
109 111 186
100 97 187
89 101 188
105 109 189
103 105 190
101 103 191
13 128 129
128 11 130
15 129 134
3 131 132
130 9 133
131 4 135
5 132 133
17 134 136
135 7 137
19 136 139
137 21 138
138 23 140
25 139 141
140 27 142
142 29 143
64 141 152
143 31 144
144 33 146
145 43 147
41 145 148
146 35 149
39 148 150
147 45 151
149 37 150
151 47 153
73 152 162
57 154 156
154 59 155
155 61 157
55 156 158
51 159 160
157 65 161
153 49 160
53 158 159
161 67 163
163 69 164
79 162 166
164 71 165
165 75 167
84 166 168
167 77 169
87 168 170
169 81 171
93 172 173
91 170 172
95 173 174
171 85 175
176 106 185
127 176 177
97 174 187
125 177 178
123 178 179
121 179 180
175 89 188
119 180 181
117 181 182
115 182 183
113 183 184
111 184 186
109 186 189
103 190 191
105 189 190
100 187 185
188 101 191
129 128 192
128 130 193
134 129 194
130 133 195
132 131 196
133 132 197
131 135 198
136 134 199
135 137 200
139 136 201
137 138 202
138 140 203
141 139 204
140 142 205
142 143 206
152 141 207
143 144 208
144 146 209
145 147 210
148 145 211
146 149 212
150 148 213
149 150 214
147 151 215
151 153 216
154 155 217
156 154 218
162 152 219
155 157 220
153 160 221
158 156 222
159 158 223
157 161 224
160 159 225
161 163 226
163 164 227
166 162 228
164 165 229
165 167 230
168 166 231
167 169 232
170 168 233
169 171 234
172 170 235
173 172 236
174 173 237
171 175 238
177 176 239
178 177 240
179 178 241
180 179 242
181 180 243
182 181 244
183 182 245
187 174 246
175 188 247
184 183 248
186 184 249
176 185 250
189 186 251
185 187 252
190 189 253
188 191 254
191 190 255
192 128 193
129 192 194
193 130 195
196 131 198
134 194 199
132 196 197
195 133 197
198 135 200
136 199 201
200 137 202
202 138 203
139 201 204
203 140 205
141 204 207
205 142 206
206 143 208
208 144 209
211 145 210
209 146 212
210 147 215
148 211 213
212 149 214
150 213 214
152 207 219
215 151 216
216 153 221
154 217 218
217 155 220
156 218 222
220 157 224
158 222 223
221 160 225
159 223 225
224 161 226
162 219 228
226 163 227
227 164 229
229 165 230
166 228 231
230 167 232
168 231 233
232 169 234
170 233 235
234 171 238
172 235 236
173 236 237
174 237 246
238 175 247
239 176 250
177 239 240
178 240 241
179 241 242
180 242 243
181 243 244
182 244 245
183 245 248
184 248 249
187 246 252
186 249 251
247 188 254
189 251 253
190 253 255
250 185 252
254 191 255
192 193 256
194 192 257
193 195 258
195 197 259
197 196 260
196 198 261
199 194 262
198 200 263
201 199 264
200 202 265
202 203 266
204 201 267
203 205 268
207 204 269
205 206 270
206 208 271
208 209 272
211 210 273
209 212 274
213 211 275
210 215 276
214 213 277
212 214 278
215 216 279
219 207 280
216 221 281
218 217 282
217 220 283
222 218 284
221 225 285
223 222 286
220 224 287
225 223 288
224 226 289
228 219 290
226 227 291
227 229 292
229 230 293
231 228 294
230 232 295
233 231 296
232 234 297
235 233 298
236 235 299
234 238 300
237 236 301
246 237 302
240 239 303
238 247 304
241 240 305
242 241 306
243 242 307
244 243 308
245 244 309
248 245 310
239 250 311
249 248 312
247 254 313
251 249 314
252 246 315
253 251 316
254 255 317
255 253 318
250 252 319
192 256 257
256 193 258
194 257 262
258 195 259
259 197 260
260 196 261
261 198 263
199 262 264
257 256 320
256 258 321
263 200 265
201 264 267
258 259 322
265 202 266
262 257 323
259 260 324
266 203 268
260 261 325
204 267 269
268 205 270
207 269 280
270 206 271
261 263 326
271 208 272
272 209 274
211 273 275
273 210 276
274 212 278
213 275 277
276 215 279
214 277 278
279 216 281
219 280 290
281 221 285
282 217 283
218 282 284
283 220 287
222 284 286
285 225 288
223 286 288
287 224 289
289 226 291
228 290 294
291 227 292
264 262 327
292 229 293
293 230 295
231 294 296
295 232 297
233 296 298
297 234 300
235 298 299
236 299 301
300 238 304
237 301 302
246 302 315
304 247 313
303 239 311
240 303 305
241 305 306
242 306 307
243 307 308
244 308 309
245 309 310
263 265 328
248 310 312
249 312 314
251 314 316
311 250 319
313 254 317
253 316 318
252 315 319
317 255 318
267 264 329
265 266 330
266 268 331
269 267 332
268 270 333
270 271 334
280 269 335
271 272 336
272 274 337
275 273 338
273 276 339
274 278 340
277 275 341
278 277 342
276 279 343
279 281 344
281 285 345
290 280 346
282 283 347
284 282 348
286 284 349
283 287 350
285 288 351
288 286 352
287 289 353
289 291 354
291 292 355
294 290 356
292 293 357
293 295 358
296 294 359
295 297 360
298 296 361
297 300 362
299 298 363
301 299 364
300 304 365
302 301 366
305 303 367
306 305 368
307 306 369
308 307 370
309 308 371
310 309 372
303 311 373
304 313 374
312 310 375
315 302 376
314 312 377
316 314 378
313 317 379
318 316 380
317 318 381
311 319 382
319 315 383
320 256 321
257 320 323
321 258 322
322 259 324
262 323 327
324 260 325
325 261 326
326 263 328
264 327 329
328 265 330
330 266 331
267 329 332
331 268 333
269 332 335
333 270 334
334 271 336
336 272 337
337 274 340
280 335 346
338 273 339
275 338 341
339 276 343
277 341 342
340 278 342
343 279 344
344 281 345
345 285 351
282 347 348
347 283 350
284 348 349
286 349 352
350 287 353
351 288 352
290 346 356
353 289 354
354 291 355
355 292 357
357 293 358
294 356 359
358 295 360
296 359 361
360 297 362
298 361 363
362 300 365
299 363 364
301 364 366
365 304 374
302 366 376
367 303 373
305 367 368
306 368 369
307 369 370
308 370 371
309 371 372
310 372 375
312 375 377
374 313 379
373 311 382
314 377 378
315 376 383
316 378 380
379 317 381
318 380 381
382 319 383
320 321 384
323 320 385
321 322 386
322 324 387
324 325 388
327 323 389
325 326 390
326 328 391
329 327 392
328 330 393
330 331 394
332 329 395
331 333 396
335 332 397
333 334 398
334 336 399
336 337 400
337 340 401
338 339 402
341 338 403
340 342 404
342 341 405
339 343 406
346 335 407
343 344 408
344 345 409
345 351 410
348 347 411
349 348 412
347 350 413
352 349 414
351 352 415
350 353 416
353 354 417
356 346 418
354 355 419
355 357 420
357 358 421
359 356 422
358 360 423
361 359 424
360 362 425
363 361 426
364 363 427
362 365 428
366 364 429
365 374 430
368 367 431
369 368 432
370 369 433
376 366 434
371 370 435
372 371 436
367 373 437
375 372 438
377 375 439
374 379 440
378 377 441
380 378 442
373 382 443
379 381 444
383 376 445
381 380 446
382 383 447
320 384 385
384 321 386
386 322 387
323 385 389
387 324 388
388 325 390
390 326 391
327 389 392
391 328 393
329 392 395
393 330 394
394 331 396
332 395 397
396 333 398
398 334 399
335 397 407
399 336 400
400 337 401
401 340 404
338 402 403
402 339 406
341 403 405
342 405 404
406 343 408
408 344 409
346 407 418
409 345 410
411 347 413
348 411 412
410 351 415
349 412 414
413 350 416
352 414 415
416 353 417
417 354 419
419 355 420
356 418 422
420 357 421
421 358 423
359 422 424
423 360 425
361 424 426
425 362 428
363 426 427
364 427 429
428 365 430
366 429 434
431 367 437
368 431 432
369 432 433
370 433 435
371 435 436
430 374 440
372 436 438
376 434 445
375 438 439
437 373 443
377 439 441
378 441 442
440 379 444
380 442 446
444 381 446
443 382 447
383 445 447
384 386 448
385 384 449
386 387 450
389 385 451
387 388 452
388 390 453
390 391 454
392 389 455
391 393 456
395 392 457
393 394 458
394 396 459
397 395 460
396 398 461
398 399 462
407 397 463
399 400 464
400 401 465
401 404 466
403 402 467
405 403 468
404 405 469
402 406 470
406 408 471
408 409 472
409 410 473
418 407 474
412 411 475
410 415 476
411 413 477
414 412 478
415 414 479
413 416 480
416 417 481
417 419 482
419 420 483
422 418 484
420 421 485
421 423 486
424 422 487
423 425 488
426 424 489
425 428 490
427 426 491
429 427 492
428 430 493
434 429 494
432 431 495
433 432 496
435 433 497
431 437 498
436 435 499
438 436 500
430 440 501
439 438 502
441 439 503
445 434 504
437 443 505
442 441 506
440 444 507
446 442 508
444 446 509
447 445 510
443 447 511
384 448 449
448 386 450
385 449 451
450 387 452
452 388 453
389 451 455
453 390 454
454 391 456
392 455 457
456 393 458
395 457 460
458 394 459
459 396 461
397 460 463
461 398 462
462 399 464
464 400 465
407 463 474
465 401 466
467 402 470
403 467 468
466 404 469
405 468 469
470 406 471
471 408 472
472 409 473
473 410 476
475 411 477
412 475 478
476 415 479
477 413 480
414 478 479
480 416 481
418 474 484
481 417 482
482 419 483
483 420 485
422 484 487
485 421 486
486 423 488
424 487 489
488 425 490
426 489 491
490 428 493
427 491 492
429 492 494
493 430 501
495 431 498
432 495 496
434 494 504
433 496 497
435 497 499
436 499 500
498 437 505
438 500 502
439 502 503
501 440 507
441 503 506
442 506 508
507 444 509
445 504 510
446 508 509
505 443 511
447 510 511
449 448 512
448 450 513
451 449 514
450 452 515
452 453 516
455 451 517
453 454 518
454 456 519
457 455 520
456 458 521
458 459 522
460 457 523
459 461 524
463 460 525
461 462 526
462 464 527
464 465 528
465 466 529
468 467 530
466 469 531
469 468 532
467 470 533
470 471 534
474 463 535
471 472 536
472 473 537
473 476 538
475 477 539
476 479 540
478 475 541
479 478 542
477 480 543
480 481 544
481 482 545
484 474 546
482 483 547
483 485 548
485 486 549
487 484 550
486 488 551
489 487 552
488 490 553
491 489 554
492 491 555
490 493 556
494 492 557
493 501 558
496 495 559
497 496 560
495 498 561
499 497 562
500 499 563
504 494 564
502 500 565
503 502 566
501 507 567
498 505 568
506 503 569
507 509 570
508 506 571
509 508 572
510 504 573
505 511 574
511 510 575
512 448 513
449 512 514
513 450 515
451 514 517
515 452 516
516 453 518
518 454 519
455 517 520
519 456 521
457 520 523
521 458 522
522 459 524
460 523 525
524 461 526
526 462 527
463 525 535
527 464 528
528 465 529
529 466 531
530 467 533
468 530 532
531 469 532
533 470 534
534 471 536
536 472 537
474 535 546
537 473 538
538 476 540
541 475 539
539 477 543
540 479 542
478 541 542
543 480 544
544 481 545
545 482 547
484 546 550
547 483 548
548 485 549
549 486 551
487 550 552
551 488 553
489 552 554
553 490 556
491 554 555
492 555 557
556 493 558
494 557 564
559 495 561
496 559 560
497 560 562
558 501 567
499 562 563
561 498 568
500 563 565
502 565 566
503 566 569
504 564 573
567 507 570
506 569 571
568 505 574
570 509 572
508 571 572
510 573 575
574 511 575
512 513 576
514 512 577
513 515 578
515 516 579
517 514 580
516 518 581
518 519 582
520 517 583
519 521 584
523 520 585
521 522 586
522 524 587
525 523 588
524 526 589
526 527 590
535 525 591
527 528 592
528 529 593
529 531 594
532 530 595
531 532 596
530 533 597
533 534 598
534 536 599
536 537 600
537 538 601
546 535 602
538 540 603
540 542 604
541 539 605
542 541 606
539 543 607
543 544 608
544 545 609
545 547 610
547 548 611
550 546 612
548 549 613
549 551 614
552 550 615
551 553 616
554 552 617
553 556 618
555 554 619
557 555 620
556 558 621
560 559 622
564 557 623
559 561 624
562 560 625
563 562 626
558 567 627
565 563 628
561 568 629
566 565 630
569 566 631
567 570 632
571 569 633
570 572 634
573 564 635
572 571 636
568 574 637
575 573 638
574 575 639
512 576 577
576 513 578
578 515 579
514 577 580
579 516 581
517 580 583
581 518 582
582 519 584
520 583 585
584 521 586
523 585 588
586 522 587
587 524 589
525 588 591
589 526 590
590 527 592
592 528 593
535 591 602
593 529 594
594 531 596
595 530 597
532 595 596
597 533 598
598 534 599
599 536 600
600 537 601
601 538 603
603 540 604
604 542 606
606 541 605
605 539 607
607 543 608
546 602 612
608 544 609
609 545 610
610 547 611
611 548 613
550 612 615
613 549 614
614 551 616
552 615 617
616 553 618
554 617 619
555 619 620
618 556 621
557 620 623
621 558 627
622 559 624
560 622 625
624 561 629
562 625 626
563 626 628
564 623 635
565 628 630
627 567 632
566 630 631
629 568 637
569 631 633
632 570 634
571 633 636
634 572 636
573 635 638
637 574 639
575 638 639
576 578 640
577 576 641
578 579 642
580 577 643
579 581 644
583 580 645
581 582 646
582 584 647
585 583 648
584 586 649
586 587 650
588 585 651
587 589 652
591 588 653
589 590 654
590 592 655
592 593 656
593 594 657
602 591 658
594 596 659
596 595 660
595 597 661
597 598 662
598 599 663
599 600 664
600 601 665
601 603 666
603 604 667
604 606 668
606 605 669
605 607 670
607 608 671
608 609 672
612 602 673
609 610 674
610 611 675
611 613 676
615 612 677
613 614 678
614 616 679
617 615 680
616 618 681
619 617 682
620 619 683
618 621 684
623 620 685
621 627 686
622 624 687
625 622 688
626 625 689
628 626 690
624 629 691
630 628 692
627 632 693
631 630 694
635 623 695
633 631 696
632 634 697
636 633 698
629 637 699
634 636 700
638 635 701
637 639 702
639 638 703
576 640 641
640 578 642
577 641 643
642 579 644
580 643 645
644 581 646
583 645 648
646 582 647
647 584 649
585 648 651
649 586 650
650 587 652
588 651 653
652 589 654
591 653 658
654 590 655
655 592 656
656 593 657
657 594 659
659 596 660
660 595 661
661 597 662
662 598 663
663 599 664
602 658 673
664 600 665
665 601 666
666 603 667
667 604 668
668 606 669
669 605 670
670 607 671
671 608 672
672 609 674
674 610 675
612 673 677
675 611 676
676 613 678
678 614 679
615 677 680
679 616 681
617 680 682
681 618 684
619 682 683
620 683 685
684 621 686
623 685 695
688 622 687
687 624 691
625 688 689
686 627 693
626 689 690
628 690 692
630 692 694
691 629 699
631 694 696
693 632 697
633 696 698
697 634 700
635 695 701
636 698 700
699 637 702
638 701 703
702 639 703
641 640 704
640 642 705
643 641 706
642 644 707
645 643 708
644 646 709
646 647 710
648 645 711
647 649 712
651 648 713
649 650 714
650 652 715
653 651 716
652 654 717
654 655 718
658 653 719
655 656 720
656 657 721
657 659 722
659 660 723
660 661 724
661 662 725
662 663 726
663 664 727
664 665 728
673 658 729
665 666 730
666 667 731
667 668 732
668 669 733
669 670 734
670 671 735
671 672 736
672 674 737
674 675 738
677 673 739
675 676 740
676 678 741
678 679 742
680 677 743
679 681 744
682 680 745
681 684 746
683 682 747
685 683 748
684 686 749
688 687 750
689 688 751
690 689 752
687 691 753
686 693 754
695 685 755
692 690 756
694 692 757
696 694 758
693 697 759
691 699 760
698 696 761
697 700 762
700 698 763
701 695 764
699 702 765
703 701 766
702 703 767
704 640 705
641 704 706
705 642 707
643 706 708
707 644 709
645 708 711
709 646 710
710 647 712
648 711 713
712 649 714
651 713 716
714 650 715
715 652 717
653 716 719
717 654 718
718 655 720
658 719 729
720 656 721
721 657 722
722 659 723
723 660 724
724 661 725
725 662 726
726 663 727
727 664 728
728 665 730
730 666 731
731 667 732
732 668 733
673 729 739
733 669 734
734 670 735
735 671 736
736 672 737
737 674 738
738 675 740
740 676 741
677 739 743
741 678 742
742 679 744
680 743 745
744 681 746
682 745 747
746 684 749
683 747 748
685 748 755
749 686 754
688 750 751
750 687 753
689 751 752
690 752 756
753 691 760
692 756 757
754 693 759
695 755 764
694 757 758
696 758 761
759 697 762
698 761 763
762 700 763
760 699 765
701 764 766
765 702 767
703 766 767
704 705 768
706 704 769
705 707 770
708 706 771
707 709 772
711 708 773
709 710 774
710 712 775
713 711 776
712 714 777
716 713 778
714 715 779
715 717 780
719 716 781
717 718 782
718 720 783
720 721 784
729 719 785
721 722 786
722 723 787
723 724 788
724 725 789
725 726 790
726 727 791
727 728 792
728 730 793
730 731 794
731 732 795
732 733 796
733 734 797
734 735 798
735 736 799
739 729 800
736 737 801
737 738 802
738 740 803
740 741 804
743 739 805
741 742 806
742 744 807
745 743 808
744 746 809
747 745 810
746 749 811
748 747 812
749 754 813
755 748 814
751 750 815
752 751 816
750 753 817
756 752 818
757 756 819
754 759 820
753 760 821
758 757 822
761 758 823
759 762 824
764 755 825
763 761 826
762 763 827
760 765 828
766 764 829
765 767 830
767 766 831
704 768 769
768 705 770
706 769 771
770 707 772
708 771 773
772 709 774
774 710 775
711 773 776
775 712 777
713 776 778
777 714 779
779 715 780
716 778 781
780 717 782
719 781 785
782 718 783
783 720 784
784 721 786
786 722 787
787 723 788
788 724 789
789 725 790
790 726 791
729 785 800
791 727 792
792 728 793
793 730 794
794 731 795
795 732 796
796 733 797
797 734 798
798 735 799
799 736 801
801 737 802
739 800 805
802 738 803
803 740 804
804 741 806
743 805 808
806 742 807
807 744 809
745 808 810
809 746 811
747 810 812
811 749 813
748 812 814
813 754 820
815 750 817
751 815 816
755 814 825
752 816 818
817 753 821
756 818 819
757 819 822
820 759 824
758 822 823
821 760 828
824 762 827
761 823 826
827 763 826
764 825 829
828 765 830
766 829 831
830 767 831
769 768 832
768 770 833
771 769 834
770 772 835
773 771 836
772 774 837
774 775 838
776 773 839
775 777 840
778 776 841
777 779 842
779 780 843
781 778 844
780 782 845
782 783 846
785 781 847
783 784 848
784 786 849
786 787 850
787 788 851
788 789 852
789 790 853
790 791 854
791 792 855
792 793 856
800 785 857
793 794 858
794 795 859
795 796 860
796 797 861
797 798 862
798 799 863
799 801 864
801 802 865
802 803 866
805 800 867
803 804 868
804 806 869
808 805 870
806 807 871
807 809 872
810 808 873
809 811 874
812 810 875
811 813 876
814 812 877
816 815 878
815 817 879
813 820 880
818 816 881
819 818 882
817 821 883
825 814 884
822 819 885
820 824 886
823 822 887
824 827 888
826 823 889
827 826 890
821 828 891
829 825 892
828 830 893
831 829 894
830 831 895
768 833 832
769 832 834
833 770 835
771 834 836
835 772 837
773 836 839
837 774 838
838 775 840
776 839 841
840 777 842
778 841 844
842 779 843
843 780 845
781 844 847
845 782 846
846 783 848
785 847 857
848 784 849
849 786 850
850 787 851
851 788 852
852 789 853
853 790 854
854 791 855
855 792 856
856 793 858
858 794 859
859 795 860
800 857 867
860 796 861
861 797 862
862 798 863
863 799 864
864 801 865
865 802 866
866 803 868
805 867 870
868 804 869
869 806 871
871 807 872
808 870 873
872 809 874
810 873 875
874 811 876
812 875 877
876 813 880
814 877 884
878 815 879
816 878 881
879 817 883
818 881 882
880 820 886
819 882 885
822 885 887
883 821 891
886 824 888
823 887 889
825 884 892
888 827 890
826 889 890
891 828 893
829 892 894
830 895 893
831 894 895
832 833 896
834 832 897
833 835 898
836 834 899
835 837 900
837 838 901
839 836 902
838 840 903
841 839 904
840 842 905
844 841 906
842 843 907
896 833 898
897 832 896
843 845 908
834 897 899
898 835 900
847 844 909
836 899 902
900 837 901
845 846 910
901 838 903
839 902 904
846 848 911
903 840 905
848 849 912
857 847 913
841 904 906
849 850 914
850 851 915
851 852 916
852 853 917
905 842 907
853 854 918
854 855 919
855 856 920
856 858 921
858 859 922
859 860 923
860 861 924
907 843 908
861 862 925
867 857 926
862 863 927
844 906 909
863 864 928
864 865 929
865 866 930
908 845 910
866 868 931
868 869 932
870 867 933
910 846 911
847 909 913
869 871 934
911 848 912
871 872 935
873 870 936
912 849 914
914 850 915
915 851 916
916 852 917
917 853 918
918 854 919
919 855 920
857 913 926
920 856 921
921 858 922
872 874 937
922 859 923
875 873 938
923 860 924
924 861 925
925 862 927
927 863 928
928 864 929
929 865 930
930 866 931
874 876 939
867 926 933
877 875 940
931 868 932
932 869 934
870 933 936
934 871 935
876 880 941
935 872 937
873 936 938
884 877 942
878 879 943
881 878 944
882 881 945
879 883 946
880 886 947
937 874 939
875 938 940
885 882 948
887 885 949
886 888 950
939 876 941
889 887 951
877 940 942
888 890 952
890 889 953
883 891 954
878 943 944
941 880 947
879 946 943
881 944 945
892 884 955
948 882 945
883 954 946
949 885 948
884 942 955
947 886 950
951 887 949
950 888 952
953 889 951
952 890 953
891 893 956
891 956 954
892 955 957
892 957 894
958 959 960
960 959 961
961 959 962
961 962 963
961 963 964
958 960 965
961 964 966
958 965 967
960 961 966
966 964 968
967 965 969
967 969 970
965 960 971
966 968 972
970 969 973
960 966 971
970 973 974
969 965 975
974 973 976
965 971 975
972 968 977
974 976 978
973 969 979
971 966 972
978 976 980
969 975 979
978 980 981
976 973 982
975 971 983
972 977 984
981 980 985
971 972 983
973 979 982
981 985 986
980 976 987
979 975 988
986 985 989
976 982 987
975 983 988
984 977 990
986 989 991
985 980 992
983 972 993
982 979 994
991 989 995
980 987 992
979 988 994
991 995 996
972 984 993
989 985 997
987 982 998
988 983 999
984 990 1000
996 995 1001
985 992 997
982 994 998
983 993 999
996 1001 1002
995 989 1003
992 987 1004
994 988 1005
1002 1001 1006
989 997 1003
993 984 1007
987 998 1004
988 999 1005
1000 990 1008
1002 1006 1009
1001 995 1010
997 992 1011
998 994 1012
999 993 1013
1009 1006 1014
995 1003 1010
992 1004 1011
994 1005 1012
1007 984 1000
1009 1014 1015
1006 1001 1016
993 1007 1013
1003 997 1017
1004 998 1018
1000 1008 1019
1005 999 1020
1015 1014 1021
1001 1010 1016
997 1011 1017
998 1012 1018
999 1013 1020
1015 1021 1022
1014 1006 1023
1010 1003 1024
1011 1004 1025
1012 1005 1026
1007 1000 1027
1022 1021 1028
1006 1016 1023
1013 1007 1027
1003 1017 1024
1004 1018 1025
1019 1008 1029
1005 1020 1026
1022 1028 1030
1021 1014 1031
1016 1010 1032
1017 1011 1033
1018 1012 1034
1020 1013 1035
1030 1028 1036
1014 1023 1031
1010 1024 1032
1011 1025 1033
1027 1000 1019
1012 1026 1034
1030 1036 1037
1028 1021 1038
1013 1027 1035
1023 1016 896
1024 1017 1039
1019 1029 1040
1025 1018 1041
1026 1020 1042
1037 1036 1043
1021 1031 1038
1016 1032 896
1017 1033 1039
1018 1034 1041
1020 1035 1042
1037 1043 1044
1036 1028 1045
1031 1023 898
1032 1024 899
1027 1019 1046
1033 1025 904
1034 1026 1047
1044 1043 1048
1028 1038 1045
1035 1027 1049
1024 1039 899
1040 1029 1050
1026 1042 1047
1044 1048 1051
1043 1036 1052
1038 1031 900
1039 1033 902
1023 896 898
1051 1048 1053
1042 1035 1054
1036 1045 1052
1027 1046 1049
1046 1019 1040
1032 899 897
1032 897 896
902 1033 904
1034 1047 1041
1051 1053 1055
1048 1043 1056
1031 898 900
1045 1038 901
1035 1049 1054
1040 1050 1057
899 1039 902
1025 1041 906
1055 1053 1058
1047 1042 1059
1043 1052 1056
1038 900 901
1055 1058 1060
1053 1048 1061
1042 1054 1059
1052 1045 903
1049 1046 1062
1046 1040 1062
904 1025 906
1060 1058 1063
1041 1047 909
1048 1056 1061
1054 1049 1064
1057 1050 1065
1045 901 903
1060 1063 1066
1058 1053 1067
1047 1059 913
1056 1052 905
906 1041 909
909 1047 913
1066 1063 1068
1053 1061 1067
1049 1062 1064
1059 1054 1069
1062 1040 1057
1066 1068 1070
1052 903 905
1063 1058 1071
1061 1056 1072
1054 1064 1069
1057 1065 1073
1070 1068 1074
1058 1067 1071
1070 1074 1075
1068 1063 1076
1064 1062 1077
1067 1061 1078
1059 1069 913
1062 1057 1079
1072 1056 905
1075 1074 1080
1063 1071 1076
1061 1072 1078
1073 1065 1081
1069 1064 1082
1075 1080 1083
1074 1068 1084
1071 1067 1085
1077 1062 1079
913 1069 926
1083 1080 1086
1068 1076 1084
1064 1077 1082
1067 1078 1085
1079 1057 1073
1072 905 907
1083 1086 1087
1080 1074 1088
1076 1071 1089
1078 1072 907
1073 1081 1090
1069 1082 926
1087 1086 1091
1074 1084 1088
1071 1085 1089
1077 1079 1092
1087 1091 1093
1086 1080 1094
1082 1077 1095
1084 1076 1096
1079 1073 1097
1085 1078 908
1078 907 908
926 1082 933
1093 1091 1098
1080 1088 1094
1076 1089 1096
1090 1081 1099
1093 1098 1100
1091 1086 1101
1088 1084 1102
1077 1092 1095
1089 1085 1103
1092 1079 1097
1100 1104 1105
1086 1094 1101
1082 1095 933
1097 1073 1090
1084 1096 1102
1100 1098 1104
1085 908 1103
1098 1091 1106
1094 1088 1107
1105 1104 1108
1105 1108 1109
1096 1089 1110
1090 1099 1111
1108 1104 1112
1112 1104 1113
1091 1101 1106
1088 1102 1107
1095 1092 936
1092 1097 1114
1089 1103 1110
933 1095 936
1104 1098 1113
1101 1094 1115
1097 1090 1116
1112 1113 1117
1102 1096 1118
1103 908 910
1098 1106 1113
1094 1107 1115
1096 1110 1118
1111 1099 1119
1092 1114 936
1106 1101 1120
1114 1097 1116
1107 1102 1121
1110 1103 910
1116 1090 1111
1101 1115 1120
1113 1106 1122
1117 1113 1123
1102 1118 1121
1115 1107 1124
1111 1119 1125
1117 1123 1126
1110 910 911
1118 1110 1127
1123 1113 1122
1122 1106 1120
936 1114 938
1114 1116 938
1107 1121 1124
1126 1123 1128
1123 1122 1129
1116 1111 1130
1120 1115 1131
1121 1118 1132
1126 1128 1133
1127 1110 911
1128 1123 1129
1122 1120 1129
1115 1124 1131
1125 1119 1134
1133 1128 1135
1118 1127 1132
1129 1120 1131
938 1116 1130
1128 1129 1136
1124 1121 1137
1133 1135 1138
1135 1128 1136
1130 1111 1125
1136 1129 1139
1129 1131 1139
1138 1135 1140
1121 1132 1137
1131 1124 1141
1135 1136 1142
1125 1134 1143
1127 911 912
1138 1140 1144
1132 1127 912
1136 1139 1145
1139 1131 1141
1140 1135 1142
938 1130 940
1141 1124 1137
1144 1140 1146
1142 1136 1145
1145 1139 1141
1130 1125 1147
1140 1142 1148
1144 1146 1149
1137 1132 1150
1142 1145 1151
1146 1140 1148
1145 1141 1152
1143 1134 1153
1141 1137 1152
1149 1146 1154
1148 1142 1151
940 1130 1147
1151 1145 1152
1146 1148 1155
1132 912 1150
1149 1154 1156
1152 1137 1150
1154 1146 1155
1148 1151 1157
1147 1125 1143
1151 1152 1158
1156 1154 1159
1155 1148 1157
1154 1155 1160
1157 1151 1158
1143 1153 1161
1156 1159 1162
1152 1150 1163
1158 1152 1163
1159 1154 1160
1155 1157 1164
940 1147 942
1162 1159 1165
1150 912 914
1157 1158 1166
1160 1155 1164
1147 1143 1167
1159 1160 1168
1163 1150 914
1158 1163 915
1164 1157 1166
1162 1165 1169
1165 1159 1168
1166 1158 915
1160 1164 1170
1161 1153 1171
1169 1165 1172
1168 1160 1170
1164 1166 916
1163 914 915
942 1147 1167
1165 1168 1173
1170 1164 917
1169 1172 1174
1164 916 917
1166 915 916
1172 1165 1173
1168 1170 918
1167 1143 1161
1174 1172 1175
1173 1168 918
1170 917 918
1172 1173 1176
1161 1171 1177
1174 1175 1178
1175 1172 1176
1173 918 919
942 1167 955
1178 1175 1179
1176 1173 919
1167 1161 1180
1175 1176 1181
1178 1179 1182
1179 1175 1181
1176 919 920
1177 1171 1183
1182 1179 1184
1181 1176 920
1179 1181 1185
955 1167 1180
1182 1184 1186
1184 1179 1185
1181 920 921
1180 1161 1177
1186 1184 1187
1185 1181 921
1184 1185 1188
1177 1183 1189
1186 1187 1190
1187 1184 1188
1185 921 922
955 1180 957
1190 1187 1191
1188 1185 922
1180 1177 1192
1187 1188 1193
1190 1191 1194
1191 1187 1193
1188 922 923
1189 1183 1195
1194 1191 1196
1193 1188 923
1191 1193 1197
957 1180 1192
1194 1196 1198
1196 1191 1197
1192 1177 1189
1198 1196 1199
1193 923 1197
1196 1197 1200
1189 1195 1201
1198 1199 1202
1197 923 924
1199 1196 1200
957 1192 1203
1202 1199 1204
1200 1197 1205
1205 1197 924
1192 1189 1206
1199 1200 1207
1202 1204 1208
1204 1199 1207
1200 1205 1209
1205 924 925
1201 1195 1210
1208 1204 1211
1207 1200 1209
894 957 1203
1203 1192 1206
1204 1207 1212
1209 1205 925
1208 1211 1213
1211 1204 1212
1207 1209 1214
1206 1189 1201
1213 1211 1215
1212 1207 1214
1209 925 1216
1211 1212 1217
1214 1209 1216
1201 1210 1218
1213 1215 1219
894 1203 895
1215 1211 1217
1212 1214 1220
1216 925 927
1203 1206 1221
1219 1215 1222
1217 1212 1220
1214 1216 1223
1206 1201 1224
1215 1217 1225
1220 1214 1223
1219 1222 1226
1216 927 1223
1222 1215 1225
1217 1220 1227
1218 1210 1228
1226 1222 1229
1225 1217 1227
1220 1223 1230
1223 927 928
1203 1221 895
1221 1206 1224
1222 1225 1231
1227 1220 1230
1226 1229 1232
1229 1222 1231
1225 1227 1233
1230 1223 928
1224 1201 1218
1232 1229 1234
1231 1225 1233
1227 1230 1235
1229 1231 1236
1230 928 1237
1233 1227 1235
1218 1228 1238
1232 1234 1239
1234 1229 1236
895 1221 1240
1231 1233 1241
1235 1230 1237
1221 1224 1242
1239 1234 1243
1236 1231 1241
1237 928 929
1233 1235 1244
1224 1218 1245
1234 1236 1246
1241 1233 1244
1235 1237 1247
1248 1239 1243
1243 1234 1246
1236 1241 1249
1244 1235 1247
1237 929 1247
1238 1228 1250
1248 1243 1251
1240 1221 1242
1246 1236 1249
1241 1244 1252
895 1240 893
1242 1224 1245
1243 1246 1253
1247 929 930
1249 1241 1252
1254 1248 1251
1244 1247 1255
1251 1243 1253
1246 1249 1256
1252 1244 1255
1245 1218 1238
1254 1257 1258
1253 1246 1256
1249 1252 1259
1255 1247 1260
1247 930 1260
1254 1251 1257
1251 1253 1261
1256 1249 1259
1238 1250 1262
1252 1255 1263
1240 1242 956
1253 1256 1264
1242 1245 1265
1259 1252 1263
893 1240 956
1255 1260 1266
1257 1251 1261
1267 1258 1268
1268 1258 1257
1260 930 931
1261 1253 1264
1256 1259 1269
1263 1255 1266
1268 1257 1270
1270 1257 1261
1270 1261 1271
1245 1238 1272
1264 1256 1269
1259 1263 1273
1266 1260 1274
1274 1260 931
956 1242 1265
1261 1264 1271
1269 1259 1273
1263 1266 1275
1262 1250 1276
1270 1271 1277
1264 1269 1278
1273 1263 1275
1266 1274 1279
1265 1245 1272
1271 1264 1278
1269 1273 1280
1275 1266 1279
1278 1269 1280
1272 1238 1262
1273 1275 1281
1274 931 932
1271 1278 1277
1280 1273 1281
956 1265 954
1275 1279 1282
1262 1276 1283
1278 1280 1284
1279 1274 1285
1281 1275 1282
1277 1278 1286
1265 1272 1287
1274 932 1285
1280 1281 1288
1282 1279 1285
1278 1284 1286
1284 1280 1288
1281 1282 1289
1272 1262 1290
1285 932 1291
1288 1281 1289
1282 1285 1292
1291 932 934
1284 1288 1293
1286 1284 1293
1289 1282 1292
1265 1287 954
1283 1276 1294
1285 1291 1295
1288 1289 1296
1287 1272 1290
1292 1285 1295
1293 1288 1296
1289 1292 1297
1291 934 1298
1290 1262 1283
1295 1291 1298
1296 1289 1297
1292 1295 1299
1298 934 935
1293 1296 1300
1297 1292 1299
954 1287 1301
1283 1294 1302
1295 1298 1303
1296 1297 1304
1299 1295 1303
1287 1290 1305
1300 1296 1304
1297 1299 1306
1298 935 1307
1303 1298 1307
1290 1283 1308
1299 1303 1309
1304 1297 1306
1306 1299 1309
1307 935 937
1301 1287 1305
954 1301 946
1303 1307 1310
1302 1294 1311
1309 1303 1310
1304 1306 1312
1305 1290 1308
1306 1309 1312
1307 937 1313
1310 1307 1313
1309 1310 1314
1312 1309 1315
1308 1283 1302
1313 937 939
1309 1314 1315
1301 1305 1316
1310 1313 1317
1314 1310 1317
1302 1311 1318
1301 1319 946
1305 1308 1320
1313 939 1321
1315 1314 1322
1317 1313 1321
1314 1317 1322
1308 1302 1323
1321 939 1324
1316 1305 1320
1317 1321 1325
939 941 1324
1322 1317 1326
1318 1311 1327
1301 1316 1319
1317 1325 1326
1320 1308 1323
1321 1324 1328
1325 1321 1328
1324 941 1329
946 1319 943
1323 1302 1318
1326 1325 1330
1328 1324 1329
941 947 1329
1325 1328 1330
1316 1320 1331
1318 1327 1332
1328 1329 1333
1329 947 1334
1320 1323 1335
1319 1316 1331
1330 1328 1336
1328 1333 1336
947 950 1334
1333 1329 1334
1323 1318 1337
943 1319 1338
1331 1320 1335
1333 1334 1339
1334 950 1340
1336 1333 1341
1332 1327 1342
1319 1331 1338
1335 1323 1337
950 952 1343
1333 1339 1341
1340 950 1343
1339 1334 1340
943 1338 944
1337 1318 1332
1343 952 1344
1339 1340 1345
1341 1339 1345
1331 1335 1346
1340 1343 1347
952 953 1344
1332 1342 1348
1338 1331 1349
1340 1350 1345
1335 1337 1351
1343 1344 1347
1344 953 1352
953 951 1352
1340 1347 1350
1347 1344 1353
1337 1332 1354
1331 1346 1349
944 1338 1355
951 949 1356
1344 1352 1353
1346 1335 1351
1352 951 1356
1350 1347 1357
1347 1353 1357
1348 1342 1358
949 948 1359
945 944 1355
1338 1349 1355
1351 1337 1354
1353 1352 1360
1356 949 1359
948 945 1361
1352 1356 1362
1359 948 1361
1360 1352 1362
1357 1353 1363
1354 1332 1348
1353 1360 1363
1356 1359 1364
1361 945 1355
1349 1346 1365
1346 1351 1365
1362 1356 1364
1359 1361 1366
1355 1349 1367
1348 1358 1368
1360 1362 1369
1355 1370 1361
1364 1359 1371
1351 1354 1372
1362 1364 1373
1363 1360 1374
1359 1366 1371
1366 1361 1370
1360 1369 1374
1369 1362 1373
1367 1349 1365
1355 1367 1370
1354 1348 1375
1364 1371 1376
1373 1364 1376
1365 1351 1372
1371 1366 1377
1366 1378 1377
1369 1373 1379
1374 1369 1379
1368 1358 1380
1376 1371 1381
1372 1354 1375
1373 1376 1382
1371 1377 1381
1366 1370 1378
1379 1373 1382
1370 1367 1378
1376 1381 1383
1375 1348 1368
1382 1376 1383
1367 1365 1384
1381 1377 1385
1365 1372 1384
1377 1378 1385
1379 1382 1386
1378 1367 1384
1368 1380 1387
1383 1381 1388
1382 1383 1386
1381 1385 1388
1372 1375 1389
1385 1378 1390
1372 1391 1384
1386 1383 1392
1378 1384 1390
1383 1388 1392
1375 1368 1393
1388 1385 1394
1385 1390 1394
1390 1384 1391
1392 1388 1395
1387 1380 1396
1388 1394 1395
1372 1389 1391
1389 1375 1393
1394 1390 1397
1390 1391 1397
1395 1394 1398
1393 1368 1387
1394 1397 1398
1391 1389 1399
1397 1391 1399
1387 1396 1400
1399 1389 1393
1397 1399 1401
1398 1397 1402
1399 1393 1403
1397 1401 1402
1393 1387 1403
1401 1399 1403
1400 1396 1404
1402 1401 1405
1403 1387 1400
1401 1403 1405
1405 1403 1406
1406 1403 1400
1400 1404 1407
1406 1400 1407
END
