
0 0 1.483506
1 0 1.513956
2 0 1.495980
3 0 1.545000
4 0 1.535317
5 0 1.525288
6 0 1.514901
7 0 1.495558
8 0 1.500611
9 0 1.481150
10 0 1.485637
11 0 1.466517
12 0 1.469943
13 0 1.451182
14 0 1.453497
15 0 1.435082
16 0 1.436265
17 0 1.418176
18 0 1.458687
19 0 1.418213
20 0 1.400425
21 0 1.399313
22 0 1.381790
23 0 1.379536
24 0 1.362236
25 0 1.462509
26 0 1.358860
27 0 1.341732
28 0 1.448002
29 0 1.453654
30 0 1.337268
31 0 1.320250
32 0 1.432882
33 0 1.314751
34 0 1.297770
35 0 1.417114
36 0 1.291307
37 0 1.274282
38 0 1.400585
39 0 1.266948
40 0 1.249783
41 0 1.383199
42 0 1.241697
43 0 1.224289
44 0 1.364901
45 0 1.215590
46 0 1.197831
47 0 1.345647
48 0 1.188680
49 0 1.170531
50 0 1.430690
51 0 1.325395
52 0 1.161036
53 0 1.143217
54 0 1.415277
55 0 1.304109
56 0 1.132741
57 0 1.122587
58 0 1.399576
59 0 1.429776
60 0 1.281756
61 0 1.103896
62 0 1.073628
63 0 1.085531
64 0 1.383444
65 0 1.258311
66 0 1.366493
67 0 1.233762
68 0 4.991723
69 0 5.033686
70 0 4.994739
71 0 5.076018
72 0 5.053748
73 0 1.348606
74 0 1.208109
75 0 1.043625
76 0 5.031352
77 0 5.008888
78 0 4.983668
79 0 1.329732
80 0 1.181373
81 0 1.427718
82 0 4.979066
83 0 4.953737
84 0 1.309820
85 0 1.153598
86 0 4.949362
87 0 4.922712
88 0 1.398901
89 0 1.288821
90 0 1.124774
91 0 4.919908
92 0 4.891877
93 0 1.382227
94 0 1.266692
95 0 1.093563
96 0 4.890827
97 0 4.861389
98 0 1.366623
99 0 1.243393
100 0 1.049655
101 0 4.862233
102 0 4.831392
103 0 1.424420
104 0 1.350236
105 0 1.218897
106 0 1.400069
107 0 1.013917
108 0 4.941217
109 0 4.834227
110 0 4.802005
111 0 1.332854
112 0 1.193187
113 0 4.806897
114 0 4.773330
115 0 1.314445
116 0 1.166275
117 0 4.780314
118 0 4.745454
119 0 1.294964
120 0 1.138229
121 0 4.932243
122 0 4.754537
123 0 4.718444
124 0 1.398828
125 0 1.274352
126 0 1.109247
127 0 4.897769
128 0 4.729608
129 0 4.692352
130 0 4.950173
131 0 1.362789
132 0 1.252553
133 0 1.079927
134 0 4.865083
135 0 4.705557
136 0 4.667212
137 0 1.370550
138 0 1.349630
139 0 1.229513
140 0 4.832944
141 0 1.011894
142 0 4.682403
143 0 4.643047
144 0 1.334281
145 0 1.205185
146 0 4.801396
147 0 4.660150
148 0 4.619863
149 0 1.053476
150 0 1.317571
151 0 1.179537
152 0 1.395814
153 0 4.770494
154 0 4.638799
155 0 4.597658
156 0 1.299729
157 0 1.372351
158 0 1.152558
159 0 4.740343
160 0 4.618338
161 0 4.576434
162 0 1.280773
163 0 1.124303
164 0 4.711045
165 0 4.598750
166 0 4.556308
167 0 0.974132
168 0 1.260651
169 0 1.094978
170 0 4.874588
171 0 4.682682
172 0 4.580016
173 0 4.538292
174 0 1.239295
175 0 1.065159
176 0 4.840269
177 0 4.655314
178 0 1.370969
179 0 4.562108
180 0 4.528692
181 0 1.341314
182 0 1.332282
183 0 1.216636
184 0 4.805696
185 0 4.628984
186 0 4.883895
187 0 1.036473
188 0 4.545000
189 0 4.499103
190 0 1.318471
191 0 1.192609
192 0 4.491409
193 0 4.772357
194 0 4.603716
195 0 1.345115
196 0 1.302647
197 0 1.167159
198 0 0.969816
199 0 4.739792
200 0 4.579519
201 0 1.285506
202 0 1.140250
203 0 4.708017
204 0 0.935049
205 0 4.556390
206 0 1.267181
207 0 1.367846
208 0 1.111896
209 0 4.677151
210 0 4.452750
211 0 4.534320
212 0 1.345670
213 0 4.896412
214 0 1.247656
215 0 1.082226
216 0 4.647295
217 0 4.513319
218 0 1.226861
219 0 1.051553
220 0 4.820568
221 0 4.618523
222 0 4.493542
223 0 0.991401
224 0 1.204713
225 0 1.020595
226 0 1.316986
227 0 4.779602
228 0 4.590885
229 0 4.475091
230 0 1.303216
231 0 1.181129
232 0 1.318015
233 0 1.343811
234 0 4.744266
235 0 4.564410
236 0 4.434018
237 0 1.287998
238 0 1.156030
239 0 4.909115
240 0 4.709983
241 0 4.539108
242 0 4.838500
243 0 1.271668
244 0 4.405923
245 0 1.129351
246 0 1.319839
247 0 4.676446
248 0 4.514976
249 0 0.940828
250 0 1.254101
251 0 1.101064
252 0 4.643848
253 0 4.492005
254 0 1.235287
255 0 1.071213
256 0 4.612338
257 0 4.470205
258 0 1.340519
259 0 1.215174
260 0 1.039900
261 0 1.319517
262 0 4.582012
263 0 4.854074
264 0 4.449708
265 0 1.193672
266 0 1.007251
267 0 4.750019
268 0 0.973945
269 0 4.552930
270 0 4.431055
271 0 1.170681
272 0 0.896798
273 0 1.289899
274 0 4.776833
275 0 4.716312
276 0 4.525128
277 0 1.273508
278 0 1.146100
279 0 4.369270
280 0 1.293532
281 0 4.681006
282 0 4.498617
283 0 1.258030
284 0 1.317279
285 0 1.119834
286 0 4.414889
287 0 4.645712
288 0 4.473393
289 0 4.868642
290 0 1.241408
291 0 1.091812
292 0 4.611223
293 0 4.796198
294 0 4.449442
295 0 0.898624
296 0 1.294903
297 0 1.223445
298 0 1.062006
299 0 4.577878
300 0 4.426776
301 0 1.204139
302 0 1.030397
303 0 4.545823
304 0 4.405535
305 0 4.342919
306 0 0.859542
307 0 1.183420
308 0 0.996841
309 0 1.313832
310 0 4.515141
311 0 4.386386
312 0 0.961452
313 0 0.926206
314 0 1.161179
315 0 1.293931
316 0 4.812726
317 0 4.715346
318 0 4.687763
319 0 4.485872
320 0 1.137293
321 0 1.257448
322 0 1.266929
323 0 4.371736
324 0 4.652706
325 0 4.458032
326 0 1.244102
327 0 1.111638
328 0 4.735956
329 0 4.615851
330 0 4.431613
331 0 1.270633
332 0 1.228877
333 0 1.084101
334 0 4.309694
335 0 4.579367
336 0 4.406595
337 0 1.291387
338 0 1.211994
339 0 1.054595
340 0 4.278982
341 0 4.543991
342 0 4.828864
343 0 4.382973
344 0 1.193642
345 0 1.023024
346 0 4.754275
347 0 0.873806
348 0 4.510008
349 0 1.270571
350 0 4.360827
351 0 1.173844
352 0 0.989141
353 0 4.477541
354 0 4.340538
355 0 0.952678
356 0 1.152509
357 0 4.312622
358 0 0.823488
359 0 4.446644
360 0 4.323430
361 0 0.914239
362 0 4.662303
363 0 1.287782
364 0 1.129498
365 0 4.626045
366 0 4.417336
367 0 4.674308
368 0 1.240605
369 0 1.268961
370 0 4.771699
371 0 1.229500
372 0 1.104663
373 0 1.250074
374 0 4.586935
375 0 4.389605
376 0 1.216174
377 0 1.077852
378 0 4.548335
379 0 4.363424
380 0 4.693123
381 0 1.200729
382 0 1.048922
383 0 1.247943
384 0 4.510757
385 0 4.338766
386 0 4.249579
387 0 1.183537
388 0 1.017717
389 0 1.266142
390 0 4.474625
391 0 4.315652
392 0 4.214069
393 0 1.164809
394 0 0.983954
395 0 4.789927
396 0 4.440158
397 0 4.294227
398 0 0.833218
399 0 1.144532
400 0 0.947266
401 0 4.711771
402 0 1.246707
403 0 4.407444
404 0 4.275012
405 0 0.907963
406 0 1.122577
407 0 4.259469
408 0 4.376506
409 0 4.605939
410 0 0.867305
411 0 1.098773
412 0 0.788904
413 0 1.214501
414 0 4.559024
415 0 1.225856
416 0 4.347331
417 0 1.262358
418 0 1.203002
419 0 4.628715
420 0 1.072937
421 0 4.518007
422 0 1.244618
423 0 4.730966
424 0 4.319879
425 0 1.189370
426 0 1.044877
427 0 4.478205
428 0 4.294104
429 0 1.173629
430 0 1.014382
431 0 4.649068
432 0 4.439732
433 0 4.269981
434 0 1.225206
435 0 1.156155
436 0 4.185384
437 0 0.981133
438 0 4.403025
439 0 4.247525
440 0 1.241543
441 0 1.137089
442 0 0.944705
443 0 4.368272
444 0 4.148136
445 0 4.226848
446 0 4.752015
447 0 0.905172
448 0 1.116358
449 0 0.816155
450 0 4.208454
451 0 4.335516
452 0 4.668917
453 0 4.193781
454 0 1.223353
455 0 0.863761
456 0 1.093792
457 0 4.304741
458 0 4.527833
459 0 4.561939
460 0 1.069181
461 0 1.189156
462 0 1.198639
463 0 4.487392
464 0 4.275896
465 0 0.756146
466 0 1.177644
467 0 1.042294
468 0 1.237543
469 0 4.585249
470 0 4.446118
471 0 4.248914
472 0 1.206505
473 0 1.163673
474 0 1.012869
475 0 1.220914
476 0 4.690737
477 0 4.405338
478 0 4.223731
479 0 1.147684
480 0 0.980547
481 0 4.366170
482 0 4.200296
483 0 1.129996
484 0 0.944849
485 0 4.604243
486 0 1.202798
487 0 4.124799
488 0 4.329124
489 0 4.178548
490 0 1.110649
491 0 0.905540
492 0 4.158495
493 0 4.294330
494 0 1.217577
495 0 0.863530
496 0 1.089509
497 0 4.081143
498 0 4.140461
499 0 4.715372
500 0 4.261776
501 0 0.782376
502 0 1.066360
503 0 4.494405
504 0 4.625895
505 0 1.200544
506 0 4.455364
507 0 4.231397
508 0 0.827254
509 0 1.174670
510 0 4.529271
511 0 1.040944
512 0 1.165670
513 0 1.182586
514 0 4.413862
515 0 4.203104
516 0 1.153508
517 0 1.012955
518 0 4.371283
519 0 0.725688
520 0 4.176798
521 0 4.538587
522 0 1.213314
523 0 1.139177
524 0 0.981997
525 0 4.329584
526 0 4.152383
527 0 1.197855
528 0 4.651241
529 0 1.123044
530 0 0.947550
531 0 4.289988
532 0 4.129731
533 0 1.105234
534 0 0.909193
535 0 4.252899
536 0 4.057070
537 0 4.108703
538 0 4.558048
539 0 1.180399
540 0 1.085687
541 0 0.866681
542 0 4.089220
543 0 4.218357
544 0 1.064211
545 0 0.815986
546 0 1.194225
547 0 4.070979
548 0 4.186285
549 0 4.013055
550 0 4.422557
551 0 4.468953
552 0 1.040538
553 0 4.680323
554 0 0.756827
555 0 1.155075
556 0 4.380577
557 0 4.156563
558 0 1.143515
559 0 4.582808
560 0 1.014338
561 0 1.178380
562 0 1.157459
563 0 4.337079
564 0 4.129059
565 0 1.130484
566 0 0.985184
567 0 4.293128
568 0 4.103635
569 0 1.116005
570 0 0.952521
571 0 0.698189
572 0 4.488641
573 0 1.159707
574 0 4.250813
575 0 1.189643
576 0 4.080126
577 0 1.099881
578 0 0.915858
579 0 1.175444
580 0 4.612745
581 0 4.211156
582 0 4.058359
583 0 1.082071
584 0 0.875381
585 0 4.174384
586 0 4.038282
587 0 1.062440
588 0 3.996961
589 0 0.832161
590 0 4.510557
591 0 1.159109
592 0 4.019877
593 0 4.140433
594 0 1.040741
595 0 4.109153
596 0 4.345253
597 0 4.387171
598 0 1.171459
599 0 1.016641
600 0 1.135019
601 0 4.301940
602 0 3.943843
603 0 4.080367
604 0 0.785631
605 0 4.647315
606 0 0.733427
607 0 1.121549
608 0 0.989704
609 0 4.425757
610 0 4.256430
611 0 1.139193
612 0 4.053894
613 0 1.156985
614 0 4.539813
615 0 1.108640
616 0 0.959349
617 0 4.211453
618 0 4.029533
619 0 1.094339
620 0 0.924960
621 0 4.168990
622 0 4.007074
623 0 4.435611
624 0 0.674582
625 0 1.140472
626 0 1.078398
627 0 0.886420
628 0 1.166494
629 0 4.129723
630 0 3.986420
631 0 1.060744
632 0 0.844804
633 0 1.153658
634 0 4.575625
635 0 3.968214
636 0 4.093685
637 0 1.041190
638 0 4.060701
639 0 0.807943
640 0 3.918717
641 0 4.461689
642 0 1.138976
643 0 1.019434
644 0 3.958875
645 0 4.307050
646 0 4.030545
647 0 4.265836
648 0 4.353456
649 0 0.995059
650 0 1.111094
651 0 1.118925
652 0 4.219141
653 0 4.002979
654 0 1.149240
655 0 1.100590
656 0 0.967494
657 0 3.873489
658 0 0.768766
659 0 4.616976
660 0 4.171606
661 0 0.716219
662 0 3.977760
663 0 1.124892
664 0 1.088337
665 0 0.936053
666 0 1.136282
667 0 4.497177
668 0 4.126202
669 0 3.954642
670 0 1.074397
671 0 0.900293
672 0 4.084185
673 0 3.933411
674 0 1.058819
675 0 0.860053
676 0 4.377875
677 0 1.121889
678 0 0.656231
679 0 4.045833
680 0 3.913708
681 0 1.143824
682 0 1.041520
683 0 0.810809
684 0 4.010989
685 0 3.894124
686 0 1.132444
687 0 4.540681
688 0 1.022265
689 0 3.979369
690 0 4.233289
691 0 1.000692
692 0 3.845928
693 0 4.182690
694 0 3.950672
695 0 4.411802
696 0 1.119433
697 0 1.099311
698 0 4.254876
699 0 0.976280
700 0 1.091822
701 0 1.105552
702 0 4.131010
703 0 3.924596
704 0 1.081694
705 0 0.948354
706 0 1.127517
707 0 4.082433
708 0 3.900852
709 0 3.801983
710 0 4.287060
711 0 1.069818
712 0 0.757888
713 0 0.916354
714 0 4.590220
715 0 0.703918
716 0 4.037479
717 0 3.879230
718 0 1.056381
719 0 1.116153
720 0 4.455676
721 0 0.880357
722 0 3.996596
723 0 3.859590
724 0 1.041388
725 0 0.840674
726 0 3.959733
727 0 3.840950
728 0 4.319776
729 0 1.103129
730 0 1.024701
731 0 0.645224
732 0 3.926565
733 0 1.121585
734 0 1.006043
735 0 0.796757
736 0 1.111743
737 0 4.510659
738 0 3.896710
739 0 4.154758
740 0 0.984980
741 0 3.812607
742 0 1.083738
743 0 4.089523
744 0 3.869791
745 0 3.772343
746 0 1.074696
747 0 4.191366
748 0 0.960887
749 0 1.085520
750 0 1.100407
751 0 4.361483
752 0 4.037014
753 0 3.845456
754 0 1.064512
755 0 0.933188
756 0 3.989114
757 0 3.823433
758 0 1.106237
759 0 1.053181
760 0 0.901827
761 0 4.223729
762 0 0.746756
763 0 3.945576
764 0 1.086727
765 0 3.729330
766 0 3.803691
767 0 4.573549
768 0 0.695310
769 0 1.040495
770 0 0.867263
771 0 3.906561
772 0 3.787061
773 0 1.096547
774 0 4.416839
775 0 1.026361
776 0 0.832086
777 0 3.871779
778 0 1.010610
779 0 3.778773
780 0 4.258385
781 0 1.085186
782 0 3.840764
783 0 0.644911
784 0 4.490781
785 0 4.560381
786 0 0.992922
787 0 1.099723
788 0 3.813047
789 0 4.040732
790 0 4.090827
791 0 0.799481
792 0 0.972741
793 0 1.091492
794 0 1.068351
795 0 3.988223
796 0 3.788193
797 0 1.058470
798 0 0.949354
799 0 3.741199
800 0 4.138053
801 0 3.699322
802 0 3.938209
803 0 1.070899
804 0 3.765821
805 0 1.081978
806 0 4.312618
807 0 1.049021
808 0 0.922979
809 0 3.892165
810 0 3.745642
811 0 0.729098
812 0 1.038591
813 0 0.894387
814 0 3.850969
815 0 1.085337
816 0 3.727705
817 0 0.859276
818 0 4.149033
819 0 1.070846
820 0 1.026942
821 0 3.655551
822 0 3.814557
823 0 3.713025
824 0 1.013991
825 0 1.077407
826 0 4.380130
827 0 3.782425
828 0 0.999559
829 0 4.551888
830 0 3.754000
831 0 0.983230
832 0 4.187219
833 0 1.068174
834 0 3.982569
835 0 3.728748
836 0 3.935073
837 0 1.078178
838 0 4.037683
839 0 0.964138
840 0 0.856691
841 0 1.051002
842 0 1.055967
843 0 3.883801
844 0 3.706188
845 0 1.071623
846 0 1.043713
847 0 0.941383
848 0 3.835483
849 0 3.685826
850 0 4.451258
851 0 3.668908
852 0 1.059260
853 0 1.035480
854 0 0.918570
855 0 3.625268
856 0 3.792247
857 0 1.064059
858 0 4.282151
859 0 3.667085
860 0 1.026221
861 0 0.901704
862 0 3.754304
863 0 3.650126
864 0 1.015909
865 0 1.064751
866 0 4.339280
867 0 4.050281
868 0 1.055594
869 0 3.721180
870 0 3.580683
871 0 1.004500
872 0 3.692205
873 0 1.058649
874 0 0.991802
875 0 3.638652
876 0 3.666736
877 0 3.885061
878 0 0.977181
879 0 3.827334
880 0 3.644202
881 0 1.043612
882 0 3.906411
883 0 1.051591
884 0 4.202865
885 0 4.054023
886 0 0.959235
887 0 1.037451
888 0 1.044600
889 0 3.774665
890 0 1.056888
891 0 3.624008
892 0 1.031072
893 0 0.935759
894 0 1.052061
895 0 3.729411
896 0 3.605248
897 0 1.024049
898 0 3.946471
899 0 3.594960
900 0 3.690220
901 0 3.586849
902 0 3.549782
903 0 1.016197
904 0 1.046497
905 0 3.656371
906 0 1.007530
907 0 3.568747
908 0 3.627114
909 0 3.924904
910 0 1.044409
911 0 0.998045
912 0 1.040111
913 0 3.504785
914 0 3.601696
915 0 0.987611
916 0 3.579454
917 0 1.040179
918 0 3.777448
919 0 0.975905
920 0 1.030675
921 0 3.709210
922 0 3.559751
923 0 1.025359
924 0 0.960371
925 0 3.811985
926 0 1.035250
927 0 3.661134
928 0 3.541651
929 0 3.893933
930 0 1.020346
931 0 1.035786
932 0 3.621214
933 0 3.523761
934 0 1.028939
935 0 1.014776
936 0 1.032723
937 0 3.587155
938 0 3.519166
939 0 1.008590
940 0 3.472564
941 0 3.558054
942 0 3.506144
943 0 1.029185
944 0 1.001865
945 0 3.800580
946 0 3.533083
947 0 0.994728
948 0 1.024234
949 0 3.511490
950 0 1.024844
951 0 0.987663
952 0 3.427934
953 0 3.492601
954 0 3.633799
955 0 3.683686
956 0 3.724054
957 0 0.977273
958 0 0.983370
959 0 3.491318
960 0 1.017880
961 0 1.021909
962 0 3.585413
963 0 3.475542
964 0 1.015062
965 0 1.018261
966 0 3.545802
967 0 3.458780
968 0 1.011622
969 0 1.019133
970 0 3.654839
971 0 3.512438
972 0 1.014801
973 0 3.441504
974 0 1.007703
975 0 3.484200
976 0 1.013529
977 0 1.015204
978 0 1.003405
979 0 3.441206
980 0 3.460252
981 0 0.998862
982 0 3.393072
983 0 3.429310
984 0 1.012040
985 0 3.439797
986 0 0.994371
987 0 3.422134
988 0 3.546082
989 0 0.990733
990 0 1.004150
991 0 3.556241
992 0 1.010023
993 0 3.406479
994 0 3.501707
995 0 0.988384
996 0 3.350232
997 0 1.010251
998 0 1.008449
999 0 3.462390
1000 0 3.391399
1001 0 1.003748
1002 0 1.006805
1003 0 3.430863
1004 0 1.006801
1005 0 3.374880
1006 0 1.004921
1007 0 3.404549
1008 0 1.003176
1009 0 3.471529
1010 0 1.002821
1011 0 3.357995
1012 0 3.382456
1013 0 0.993862
1014 0 1.000574
1015 0 0.994391
1016 0 3.363805
1017 0 1.001902
1018 0 3.349516
1019 0 0.998318
1020 0 3.347899
1021 0 3.321208
1022 0 0.996372
1023 0 0.994968
1024 0 3.334055
1025 0 3.361902
1026 0 3.409700
1027 0 0.995762
1028 0 3.369475
1029 0 3.321155
1030 0 1.000488
1031 0 0.984079
1032 0 0.995343
1033 0 1.000563
1034 0 3.271797
1035 0 3.340902
1036 0 3.307080
1037 0 1.000344
1038 0 3.317932
1039 0 0.985603
1040 0 1.000212
1041 0 0.994994
1042 0 3.298848
1043 0 3.289923
1044 0 3.301262
1045 0 1.000090
1046 0 0.987252
1047 0 3.282889
1048 0 0.999974
1049 0 0.972898
1050 0 3.269431
1051 0 0.999878
1052 0 0.975225
1053 0 0.988558
1054 0 3.257889
1055 0 3.270900
1056 0 3.247424
1057 0 3.247463
1058 0 3.262117
1059 0 3.173551
1060 0 0.977864
1061 0 0.999523
1062 0 0.993827
1063 0 3.240567
1064 0 3.236548
1065 0 0.994130
1066 0 0.989239
1067 0 3.223069
1068 0 0.963941
1069 0 0.980626
1070 0 0.995645
1071 0 3.222768
1072 0 3.192771
1073 0 3.208523
1074 0 0.997485
1075 0 0.967381
1076 0 3.196404
1077 0 0.982844
1078 0 0.999458
1079 0 1.001552
1080 0 3.116190
1081 0 3.204861
1082 0 3.186261
1083 0 1.001521
1084 0 0.971239
1085 0 3.177658
1086 0 0.951837
1087 0 1.003701
1088 0 3.170038
1089 0 0.955944
1090 0 0.975071
1091 0 3.162331
1092 0 3.126685
1093 0 3.182603
1094 0 3.151321
1095 0 0.985584
1096 0 2.983165
1097 0 0.960624
1098 0 3.118689
1099 0 3.152640
1100 0 0.989062
1101 0 3.110610
1102 0 0.978325
1103 0 0.992770
1104 0 0.943658
1105 0 0.965752
1106 0 3.103737
1107 0 3.139133
1108 0 3.113308
1109 0 0.996727
1110 0 3.097960
1111 0 1.007945
1112 0 0.948985
1113 0 1.000840
1114 0 0.970572
1115 0 3.093075
1116 0 1.005180
1117 0 2.929340
1118 0 3.121631
1119 0 3.088758
1120 0 0.955023
1121 0 0.930607
1122 0 3.084342
1123 0 3.011341
1124 0 0.936462
1125 0 0.961377
1126 0 3.004707
1127 0 3.078518
1128 0 1.010479
1129 0 0.980407
1130 0 0.974448
1131 0 3.004430
1132 0 3.071433
1133 0 3.100748
1134 0 0.985961
1135 0 3.069625
1136 0 2.792934
1137 0 0.943145
1138 0 3.004406
1139 0 0.991757
1140 0 0.967132
1141 0 3.004199
1142 0 0.923154
1143 0 0.950605
1144 0 0.997868
1145 0 3.056967
1146 0 3.033577
1147 0 3.003923
1148 0 1.003994
1149 0 3.003540
1150 0 0.930325
1151 0 1.017114
1152 0 0.958096
1153 0 3.002709
1154 0 1.010618
1155 0 3.042312
1156 0 0.938490
1157 0 3.000602
1158 0 2.777563
1159 0 2.874198
1160 0 0.909141
1161 0 2.888753
1162 0 2.995958
1163 0 0.970152
1164 0 0.916698
1165 0 0.977151
1166 0 0.947358
1167 0 2.898089
1168 0 0.964974
1169 0 0.984557
1170 0 1.019578
1171 0 3.034257
1172 0 2.995144
1173 0 2.987759
1174 0 2.904833
1175 0 2.605044
1176 0 2.673463
1177 0 0.925325
1178 0 0.992539
1179 0 2.910115
1180 0 0.956204
1181 0 1.001021
1182 0 0.902355
1183 0 2.914364
1184 0 0.935061
1185 0 2.976083
1186 0 2.953754
1187 0 1.008247
1188 0 2.917560
1189 0 0.911311
1190 0 0.945333
1191 0 1.031175
1192 0 2.919256
1193 0 1.017516
1194 0 2.962187
1195 0 2.918606
1196 0 2.763477
1197 0 0.921531
1198 0 0.966382
1199 0 2.785057
1200 0 0.957343
1201 0 0.887371
1202 0 2.737921
1203 0 2.914714
1204 0 0.975240
1205 0 2.800065
1206 0 0.896572
1207 0 0.932883
1208 0 0.984670
1209 0 2.538101
1210 0 2.811781
1211 0 1.032898
1212 0 0.995313
1213 0 2.907140
1214 0 2.421631
1215 0 2.915891
1216 0 0.907069
1217 0 2.821333
1218 0 1.008909
1219 0 0.944932
1220 0 2.645655
1221 0 2.829050
1222 0 0.881191
1223 0 0.918997
1224 0 2.895288
1225 0 2.834800
1226 0 2.874018
1227 0 2.838106
1228 0 0.891860
1229 0 0.932125
1230 0 1.052125
1231 0 2.667996
1232 0 2.625111
1233 0 2.838323
1234 0 1.027332
1235 0 0.964277
1236 0 2.690907
1237 0 0.954359
1238 0 0.904041
1239 0 0.974469
1240 0 2.835019
1241 0 2.873303
1242 0 0.865238
1243 0 2.709399
1244 0 0.986030
1245 0 0.945751
1246 0 0.876011
1247 0 2.359550
1248 0 0.917799
1249 0 2.724752
1250 0 2.244723
1251 0 0.999618
1252 0 1.054226
1253 0 2.828283
1254 0 2.737423
1255 0 2.835938
1256 0 2.506141
1257 0 0.888288
1258 0 0.933474
1259 0 2.747528
1260 0 1.016864
1261 0 2.754915
1262 0 2.818032
1263 0 0.859598
1264 0 0.902292
1265 0 2.794544
1266 0 2.759379
1267 0 2.561855
1268 0 1.081804
1269 0 2.579131
1270 0 0.871893
1271 0 0.918213
1272 0 2.760275
1273 0 0.953258
1274 0 0.962220
1275 0 2.603757
1276 0 0.939773
1277 0 1.039673
1278 0 2.479355
1279 0 0.974385
1280 0 0.885924
1281 0 2.625165
1282 0 2.757357
1283 0 2.805821
1284 0 0.988123
1285 0 2.076198
1286 0 2.173396
1287 0 0.842683
1288 0 2.643075
1289 0 1.089496
1290 0 0.854947
1291 0 0.901918
1292 0 1.004584
1293 0 2.657772
1294 0 2.752033
1295 0 2.365249
1296 0 2.749961
1297 0 2.669347
1298 0 0.868901
1299 0 0.920949
1300 0 1.064711
1301 0 2.678189
1302 0 2.746908
1303 0 1.025909
1304 0 1.121843
1305 0 0.837516
1306 0 0.884832
1307 0 2.685118
1308 0 2.453699
1309 0 2.715499
1310 0 2.494330
1311 0 0.945646
1312 0 2.685922
1313 0 0.960581
1314 0 0.851341
1315 0 0.903119
1316 0 1.917734
1317 0 2.009135
1318 0 2.523246
1319 0 2.247535
1320 0 0.974554
1321 0 2.546588
1322 0 1.053367
1323 0 2.348769
1324 0 2.681549
1325 0 1.132412
1326 0 0.867094
1327 0 0.925480
1328 0 0.990436
1329 0 2.565976
1330 0 0.819655
1331 0 1.091222
1332 0 2.581746
1333 0 0.833319
1334 0 0.885082
1335 0 2.677537
1336 0 1.173630
1337 0 1.010125
1338 0 2.594480
1339 0 2.674707
1340 0 2.236059
1341 0 0.848834
1342 0 2.606843
1343 0 0.905945
1344 0 1.770770
1345 0 1.849788
1346 0 2.674880
1347 0 2.103248
1348 0 2.624622
1349 0 2.381283
1350 0 0.814893
1351 0 0.866529
1352 0 1.035882
1353 0 0.946974
1354 0 2.420145
1355 0 2.316850
1356 0 2.637039
1357 0 0.958837
1358 0 0.930337
1359 0 2.611576
1360 0 1.192719
1361 0 2.448834
1362 0 1.238272
1363 0 0.830141
1364 0 0.886717
1365 0 0.974390
1366 0 2.472740
1367 0 1.068418
1368 0 1.135736
1369 0 1.636472
1370 0 1.702677
1371 0 2.606415
1372 0 0.992595
1373 0 2.492635
1374 0 0.847480
1375 0 2.224677
1376 0 0.909973
1377 0 0.796108
1378 0 2.508783
1379 0 1.316570
1380 0 1.271934
1381 0 0.811075
1382 0 0.867238
1383 0 2.602418
1384 0 2.523040
1385 0 1.015998
1386 0 1.933786
1387 0 2.117225
1388 0 1.515703
1389 0 1.571595
1390 0 2.542931
1391 0 1.101345
1392 0 2.597305
1393 0 0.828027
1394 0 0.889624
1395 0 1.409001
1396 0 1.357603
1397 0 2.320252
1398 0 2.274005
1399 0 1.457153
1400 0 0.938357
1401 0 2.351480
1402 0 1.046617
1403 0 0.791683
1404 0 0.847319
1405 0 0.956312
1406 0 1.173877
1407 0 2.559301
1408 0 2.203183
1409 0 2.378909
1410 0 2.534628
1411 0 0.915035
1412 0 1.996218
1413 0 0.973405
1414 0 1.232079
1415 0 2.402638
1416 0 0.808241
1417 0 0.869196
1418 0 1.083516
1419 0 1.125519
1420 0 2.422234
1421 0 1.769441
1422 0 2.531381
1423 0 0.994443
1424 0 2.114974
1425 0 0.827021
1426 0 2.437969
1427 0 0.893495
1428 0 0.772003
1429 0 2.451153
1430 0 1.304803
1431 0 0.788169
1432 0 0.848367
1433 0 1.623408
1434 0 1.867356
1435 0 2.019117
1436 0 1.022197
1437 0 2.524936
1438 0 2.237011
1439 0 2.507879
1440 0 2.458452
1441 0 1.394867
1442 0 2.256932
1443 0 1.501861
1444 0 0.806429
1445 0 0.872231
1446 0 2.176778
1447 0 0.939326
1448 0 0.920421
1449 0 2.285588
1450 0 0.952475
1451 0 1.202999
1452 0 1.057722
1453 0 0.767847
1454 0 0.827153
1455 0 2.312416
1456 0 1.153885
1457 0 2.459552
1458 0 2.482404
1459 0 2.101569
1460 0 0.898029
1461 0 0.971324
1462 0 1.917591
1463 0 1.100204
1464 0 2.335426
1465 0 0.785599
1466 0 1.255008
1467 0 0.850568
1468 0 2.354049
1469 0 1.751650
1470 0 1.655038
1471 0 2.368559
1472 0 2.457093
1473 0 2.020272
1474 0 0.996141
1475 0 0.805672
1476 0 0.876014
1477 0 2.379164
1478 0 0.747306
1479 0 1.328872
1480 0 1.544552
1481 0 0.764566
1482 0 0.828427
1483 0 2.157661
1484 0 1.426657
1485 0 1.815172
1486 0 1.028359
1487 0 1.936837
1488 0 2.192952
1489 0 0.928964
1490 0 2.449430
1491 0 2.385466
1492 0 2.431875
1493 0 0.784001
1494 0 2.082509
1495 0 0.853740
1496 0 2.222644
1497 0 0.903970
1498 0 0.945535
1499 0 1.067412
1500 0 2.248664
1501 0 1.206398
1502 0 0.743356
1503 0 0.805990
1504 0 2.387206
1505 0 2.270395
1506 0 2.010208
1507 0 2.406447
1508 0 0.968738
1509 0 0.880369
1510 0 1.111164
1511 0 2.287606
1512 0 1.660971
1513 0 1.849230
1514 0 0.762182
1515 0 1.265989
1516 0 0.830785
1517 0 2.300722
1518 0 1.730633
1519 0 1.574779
1520 0 1.937744
1521 0 2.385169
1522 0 0.997739
1523 0 0.783399
1524 0 0.857630
1525 0 1.335242
1526 0 2.310048
1527 0 1.484034
1528 0 0.721991
1529 0 1.158474
1530 0 2.102544
1531 0 2.055876
1532 0 0.740237
1533 0 0.807382
1534 0 2.134229
1535 0 1.033215
1536 0 0.913790
1537 0 1.864932
1538 0 1.758671
1539 0 2.387055
1540 0 2.315195
1541 0 2.162416
1542 0 2.358114
1543 0 1.993490
1544 0 0.885228
1545 0 0.760716
1546 0 0.834101
1547 0 0.939369
1548 0 2.186963
1549 0 1.072634
1550 0 1.210361
1551 0 1.398840
1552 0 2.207002
1553 0 0.718185
1554 0 0.783804
1555 0 2.316692
1556 0 1.929448
1557 0 0.862195
1558 0 0.966414
1559 0 2.222648
1560 0 2.331507
1561 0 1.661894
1562 0 1.583505
1563 0 1.114078
1564 0 1.787060
1565 0 0.737967
1566 0 0.809803
1567 0 2.234382
1568 0 1.267705
1569 0 1.862916
1570 0 2.314267
1571 0 1.509599
1572 0 0.998558
1573 0 0.760182
1574 0 0.838399
1575 0 2.029177
1576 0 1.325264
1577 0 1.439144
1578 0 2.049839
1579 0 2.242119
1580 0 0.696039
1581 0 1.159460
1582 0 1.975449
1583 0 2.077080
1584 0 0.886173
1585 0 0.909770
1586 0 0.715165
1587 0 0.785210
1588 0 1.034892
1589 0 1.701547
1590 0 1.805936
1591 0 2.103945
1592 0 2.246250
1593 0 1.914677
1594 0 0.867078
1595 0 2.281424
1596 0 2.126728
1597 0 0.934554
1598 0 0.736557
1599 0 0.813224
1600 0 1.072594
1601 0 1.372165
1602 0 2.144944
1603 0 1.209664
1604 0 1.581082
1605 0 1.863004
1606 0 0.692318
1607 0 2.159157
1608 0 0.760583
1609 0 0.844638
1610 0 1.508182
1611 0 0.963729
1612 0 2.257639
1613 0 1.733325
1614 0 1.261511
1615 0 1.112346
1616 0 2.254485
1617 0 1.616458
1618 0 2.169272
1619 0 0.712941
1620 0 0.787588
1621 0 1.457892
1622 0 1.777046
1623 0 1.971469
1624 0 0.997186
1625 0 1.991335
1626 0 0.736012
1627 0 0.817914
1628 0 2.175404
1629 0 1.309379
1630 0 0.884093
1631 0 1.401963
1632 0 2.020962
1633 0 1.900195
1634 0 0.669435
1635 0 0.857731
1636 0 0.902228
1637 0 1.156516
1638 0 1.032348
1639 0 2.046830
1640 0 0.689337
1641 0 0.761907
1642 0 1.648990
1643 0 2.228011
1644 0 2.067679
1645 0 1.836804
1646 0 2.177675
1647 0 2.204374
1648 0 0.928702
1649 0 2.084626
1650 0 0.711517
1651 0 0.790954
1652 0 1.068115
1653 0 1.203398
1654 0 1.538009
1655 0 1.348242
1656 0 2.098727
1657 0 0.665747
1658 0 0.736327
1659 0 0.824746
1660 0 0.959479
1661 0 2.184881
1662 0 1.676739
1663 0 1.248065
1664 0 2.106774
1665 0 1.428363
1666 0 1.106843
1667 0 1.569290
1668 0 0.687098
1669 0 1.894546
1670 0 0.764129
1671 0 1.935984
1672 0 0.992484
1673 0 0.865696
1674 0 1.966993
1675 0 0.710890
1676 0 1.361336
1677 0 0.795470
1678 0 1.293163
1679 0 1.818800
1680 0 1.754415
1681 0 1.990869
1682 0 0.642173
1683 0 1.461078
1684 0 0.892916
1685 0 1.025653
1686 0 1.149125
1687 0 2.116080
1688 0 0.832083
1689 0 0.662750
1690 0 2.010180
1691 0 0.737484
1692 0 1.597106
1693 0 1.688306
1694 0 2.148553
1695 0 2.028943
1696 0 2.129568
1697 0 0.921784
1698 0 0.685598
1699 0 0.767236
1700 0 1.060035
1701 0 1.190166
1702 0 1.493078
1703 0 2.049735
1704 0 0.638468
1705 0 0.711049
1706 0 0.801102
1707 0 0.952757
1708 0 2.113252
1709 0 2.092063
1710 0 1.385044
1711 0 1.849168
1712 0 1.618608
1713 0 2.042619
1714 0 1.796583
1715 0 1.522270
1716 0 1.097754
1717 0 0.660440
1718 0 1.886927
1719 0 0.739451
1720 0 0.984091
1721 0 0.857412
1722 0 1.223240
1723 0 0.836259
1724 0 1.914734
1725 0 1.735610
1726 0 0.684827
1727 0 1.678011
1728 0 0.771231
1729 0 1.936022
1730 0 1.313704
1731 0 0.884322
1732 0 1.416721
1733 0 0.614248
1734 0 1.015416
1735 0 1.955307
1736 0 1.137358
1737 0 0.635405
1738 0 0.711967
1739 0 1.547880
1740 0 0.807732
1741 0 1.632132
1742 0 1.985627
1743 0 2.071470
1744 0 0.913222
1745 0 2.056694
1746 0 0.658807
1747 0 1.246879
1748 0 0.742182
1749 0 1.048713
1750 0 1.449230
1751 0 1.172859
1752 0 0.942949
1753 0 0.610484
1754 0 0.684767
1755 0 1.765385
1756 0 0.776162
1757 0 1.807477
1758 0 2.042754
1759 0 1.334354
1760 0 1.713331
1761 0 2.014001
1762 0 1.572603
1763 0 1.839391
1764 0 0.819174
1765 0 1.476599
1766 0 0.632970
1767 0 1.084751
1768 0 0.713606
1769 0 1.864373
1770 0 0.972266
1771 0 1.658282
1772 0 0.847564
1773 0 1.185585
1774 0 1.881839
1775 0 1.608274
1776 0 0.657835
1777 0 0.745636
1778 0 1.957333
1779 0 1.265090
1780 0 1.898475
1781 0 0.874012
1782 0 1.376881
1783 0 0.585664
1784 0 1.002073
1785 0 1.125393
1786 0 0.607306
1787 0 0.685387
1788 0 1.502151
1789 0 0.782214
1790 0 1.997680
1791 0 0.902044
1792 0 1.985735
1793 0 0.631140
1794 0 1.406948
1795 0 1.203115
1796 0 0.715904
1797 0 1.033395
1798 0 1.730017
1799 0 1.686371
1800 0 1.764735
1801 0 0.929948
1802 0 0.581809
1803 0 0.657497
1804 0 0.749735
1805 0 1.529737
1806 0 1.793757
1807 0 1.635946
1808 0 0.816177
1809 0 1.973379
1810 0 1.275732
1811 0 1.310521
1812 0 1.938970
1813 0 1.821691
1814 0 1.584280
1815 0 1.144049
1816 0 1.432346
1817 0 1.064334
1818 0 0.604668
1819 0 0.957435
1820 0 0.686641
1821 0 0.835168
1822 0 0.786919
1823 0 1.820645
1824 0 0.629893
1825 0 0.718766
1826 0 1.340947
1827 0 1.221370
1828 0 1.881014
1829 0 0.861210
1830 0 0.556426
1831 0 0.985509
1832 0 0.578443
1833 0 0.657754
1834 0 0.753896
1835 0 1.456536
1836 0 1.088877
1837 0 0.888015
1838 0 1.926697
1839 0 1.916675
1840 0 1.655031
1841 0 1.365210
1842 0 1.691426
1843 0 0.602473
1844 0 0.688461
1845 0 1.160612
1846 0 1.610907
1847 0 1.721360
1848 0 1.013323
1849 0 1.819373
1850 0 0.914033
1851 0 1.249962
1852 0 1.514415
1853 0 1.752719
1854 0 1.562410
1855 0 0.793000
1856 0 0.552515
1857 0 0.629188
1858 0 0.721957
1859 0 1.868278
1860 0 1.905107
1861 0 1.285976
1862 0 1.472624
1863 0 1.105532
1864 0 0.819942
1865 0 1.037781
1866 0 0.939809
1867 0 0.575360
1868 0 1.389801
1869 0 0.658556
1870 0 0.757542
1871 0 1.300191
1872 0 0.600814
1873 0 0.690711
1874 0 0.846159
1875 0 1.810909
1876 0 1.754170
1877 0 1.179079
1878 0 0.526543
1879 0 0.965558
1880 0 0.548713
1881 0 0.628952
1882 0 0.725143
1883 0 1.620264
1884 0 0.871273
1885 0 1.057066
1886 0 1.415936
1887 0 1.582332
1888 0 1.651430
1889 0 1.858522
1890 0 1.849455
1891 0 1.674454
1892 0 1.538196
1893 0 1.323590
1894 0 0.572079
1895 0 0.659881
1896 0 1.118220
1897 0 1.491952
1898 0 0.989637
1899 0 1.449333
1900 0 1.230911
1901 0 0.895481
1902 0 1.752241
1903 0 0.779449
1904 0 0.758850
1905 0 0.523046
1906 0 0.599533
1907 0 0.693052
1908 0 1.687079
1909 0 1.801192
1910 0 1.837907
1911 0 1.010829
1912 0 0.804519
1913 0 1.069462
1914 0 0.919497
1915 0 0.544627
1916 0 0.629166
1917 0 1.349465
1918 0 0.728640
1919 0 0.828726
1920 0 1.257575
1921 0 0.570294
1922 0 0.661550
1923 0 1.745345
1924 0 1.123940
1925 0 1.691110
1926 0 1.157010
1927 0 0.942963
1928 0 0.503058
1929 0 1.550687
1930 0 1.585017
1931 0 1.382367
1932 0 1.616400
1933 0 1.511389
1934 0 0.517420
1935 0 0.598486
1936 0 0.695104
1937 0 0.851824
1938 0 1.030190
1939 0 1.467463
1940 0 1.423241
1941 0 1.792758
1942 0 1.620823
1943 0 1.783660
1944 0 1.077892
1945 0 0.964847
1946 0 0.536451
1947 0 1.282449
1948 0 0.630282
1949 0 0.736877
1950 0 0.874496
1951 0 0.489668
1952 0 0.479208
1953 0 0.763953
1954 0 1.688924
1955 0 1.191292
1956 0 0.567625
1957 0 0.662483
1958 0 1.628500
1959 0 1.736771
1960 0 1.771744
1961 0 1.030235
1962 0 0.786292
1963 0 0.985325
1964 0 0.897255
1965 0 0.515508
1966 0 0.597703
1967 0 1.306741
1968 0 0.697603
1969 0 1.091492
1970 0 0.807891
1971 0 1.218007
1972 0 0.542658
1973 0 0.632039
1974 0 1.517438
1975 0 1.554929
1976 0 1.481926
1977 0 1.682335
1978 0 1.630722
1979 0 0.920167
1980 0 1.441600
1981 0 1.354029
1982 0 1.128534
1983 0 1.397901
1984 0 0.829528
1985 0 0.467979
1986 0 0.565812
1987 0 0.661240
1988 0 1.728538
1989 0 0.481578
1990 0 1.566620
1991 0 0.730008
1992 0 1.035381
1993 0 1.718948
1994 0 0.455000
1995 0 0.495833
1996 0 0.600852
1997 0 1.240094
1998 0 0.851793
1999 0 0.698767
2000 0 0.745333
2001 0 0.510776
2002 0 1.627544
2003 0 0.941527
2004 0 1.155718
2005 0 0.526444
2006 0 0.629710
2007 0 1.572535
2008 0 1.674107
2009 0 1.706579
2010 0 0.763062
2011 0 0.984606
2012 0 0.875310
2013 0 0.560090
2014 0 1.287932
2015 0 0.662227
2016 0 1.078916
2017 0 1.481535
2018 0 1.450160
2019 0 0.782489
2020 0 1.413746
2021 0 1.252300
2022 0 1.038091
2023 0 1.329068
2024 0 1.372191
2025 0 0.607327
2026 0 1.179474
2027 0 1.504514
2028 0 0.902217
2029 0 0.938245
2030 0 1.571401
2031 0 1.620903
2032 0 0.805179
2033 0 1.096273
2034 0 0.616837
2035 0 0.705735
2036 0 1.665432
2037 0 1.522861
2038 0 0.988238
2039 0 0.542870
2040 0 1.655022
2041 0 0.721875
2042 0 0.829220
2043 0 0.659179
2044 0 1.200063
2045 0 0.578137
2046 0 1.567276
2047 0 1.119248
2048 0 0.597044
2049 0 1.515704
2050 0 1.612441
2051 0 0.729734
2052 0 0.929453
2053 0 1.642368
2054 0 1.225921
2055 0 0.855672
2056 0 1.040441
2057 0 1.418587
2058 0 1.261418
2059 0 1.384669
2060 0 1.449916
2061 0 1.344557
2062 0 0.887451
2063 0 1.301465
2064 0 0.755104
2065 0 0.992040
2066 0 1.461705
2067 0 0.637543
2068 0 1.142492
2069 0 1.560404
2070 0 1.512446
2071 0 0.781349
2072 0 1.602804
2073 0 0.681757
2074 0 1.054848
2075 0 0.946958
2076 0 1.591985
2077 0 1.158663
2078 0 0.808420
2079 0 0.705278
2080 0 1.508065
2081 0 1.194725
2082 0 1.456979
2083 0 1.551500
2084 0 0.864745
2085 0 1.089023
2086 0 0.836247
2087 0 1.355833
2088 0 1.392562
2089 0 1.579065
2090 0 1.320090
2091 0 1.229308
2092 0 0.983242
2093 0 1.267391
2094 0 0.893814
2095 0 0.953193
2096 0 1.112254
2097 0 1.454761
2098 0 1.500563
2099 0 1.401231
2100 0 1.540988
2101 0 1.043366
2102 0 1.013346
2103 0 1.131586
2104 0 1.531349
2105 0 0.923338
2106 0 1.159984
2107 0 1.295727
2108 0 1.451192
2109 0 1.102611
2110 0 1.323892
2111 0 1.267930
2112 0 1.187711
2113 0 1.400626
2114 0 1.492288
2115 0 1.073164
2116 0 1.516624
2117 0 1.345730
2118 0 1.214690
2119 0 1.438807
2120 0 1.400648
2121 0 1.358477
2122 0 1.477871
2123 0 1.483082
2124 0 1.266171
2125 0 1.240859
2126 0 1.290593
2127 0 1.405150
2128 0 1.336697
2129 0 1.444899
2130 0 1.455000
2131 0 1.314104
2132 0 1.358371
2133 0 1.379137
2134 0 1.399010
2135 0 1.418012
2136 0 1.436951