9.027810e-01
9.740293e-01
9.442075e-01
1.008625e+00
1.045000e+00
1.047429e+00
1.049981e+00
8.724132e-01
9.914780e-01
8.311968e-01
1.052653e+00
7.995004e-01
7.592141e-01
9.182599e-01
9.761184e-01
7.269053e-01
6.867670e-01
8.416817e-01
6.541706e-01
1.056427e+00
6.137906e-01
7.676840e-01
5.809071e-01
5.402265e-01
6.948775e-01
8.870675e-01
9.971695e-01
5.069500e-01
4.660301e-01
6.219565e-01
8.096950e-01
4.322276e-01
1.060374e+00
3.911791e-01
5.483737e-01
9.271484e-01
7.360393e-01
3.567133e-01
3.156825e-01
4.739354e-01
6.633313e-01
8.520905e-01
1.005074e+00
2.804266e-01
2.395884e-01
3.985556e-01
5.902403e-01
7.777521e-01
2.034418e-01
9.539160e-01
1.064449e+00
1.629876e-01
3.222062e-01
5.162729e-01
7.050039e-01
8.933555e-01
1.258921e-01
8.601233e-02
2.449250e-01
4.412323e-01
6.324515e-01
1.009102e+00
8.199157e-01
4.796539e-02
8.829113e-03
1.668282e-01
3.650165e-01
5.591551e-01
7.469488e-01
9.418757e-01
-3.011087e-02
1.068584e+00
-6.837598e-02
8.811459e-02
2.875980e-01
4.847107e-01
6.748747e-01
8.626607e-01
-1.080930e-01
-1.454147e-01
9.052769e-03
2.090464e-01
4.089027e-01
1.010954e+00
6.024282e-01
7.889880e-01
-1.857476e-01
-2.221148e-01
-7.004585e-02
1.295470e-01
3.316028e-01
9.614133e-01
5.288749e-01
7.173053e-01
-2.628762e-01
9.012432e-01
1.072692e+00
-2.983350e-01
-1.488653e-01
4.939955e-02
2.527895e-01
4.538301e-01
6.458541e-01
-3.393322e-01
8.298305e-01
-3.739748e-01
-2.271240e-01
-3.100856e-02
1.725895e-01
1.011906e+00
3.770237e-01
5.735010e-01
-4.150278e-01
7.592715e-01
-4.489767e-01
-3.046059e-01
-1.112524e-01
9.427922e-01
9.130252e-02
2.982859e-01
4.996404e-01
-4.899319e-01
6.890799e-01
8.681998e-01
1.076663e+00
-5.233231e-01
-3.811754e-01
-1.909308e-01
9.387611e-03
2.176133e-01
4.238290e-01
-5.640621e-01
6.182357e-01
8.002489e-01
-5.970300e-01
-4.567783e-01
-2.697204e-01
-7.259420e-02
1.016537e+00
1.352375e-01
3.456903e-01
-6.374736e-01
5.460096e-01
7.317485e-01
-6.701376e-01
-5.314322e-01
8.979698e-01
-3.474089e-01
9.520809e-01
-1.540706e-01
5.165312e-02
2.649929e-01
-7.102532e-01
4.717978e-01
6.626249e-01
1.080365e+00
8.411352e-01
-7.427019e-01
-6.052150e-01
-4.239012e-01
-2.345526e-01
-3.242725e-02
1.817806e-01
-7.825029e-01
3.949856e-01
5.924273e-01
7.744278e-01
-8.147870e-01
-6.782509e-01
-4.992101e-01
-3.137004e-01
1.021111e+00
-1.161942e-01
9.648296e-02
-8.541398e-01
3.150095e-01
5.204482e-01
7.064129e-01
8.905592e-01
-8.864587e-01
-7.507093e-01
-5.734505e-01
9.541664e-01
-3.913465e-01
-1.988998e-01
9.933990e-03
-9.235878e-01
2.315517e-01
4.458513e-01
6.382623e-01
1.083655e+00
8.210819e-01
-9.394666e-01
-8.227858e-01
-6.468396e-01
-4.674817e-01
-2.799914e-01
-9.890866e-01
-9.923061e-01
-7.675072e-02
1.447791e-01
3.676728e-01
5.690109e-01
7.503735e-01
-8.945566e-01
-7.196015e-01
-1.048301e+00
-1.045000e+00
-5.422537e-01
1.026268e+00
-3.591709e-01
-1.624227e-01
5.549789e-02
-1.051823e+00
-9.757817e-01
2.850226e-01
4.975367e-01
8.802983e-01
6.830271e-01
-7.919105e-01
9.606670e-01
-1.055553e+00
-6.160375e-01
-4.363722e-01
-2.461649e-01
-3.486203e-02
1.975313e-01
4.224962e-01
1.086386e+00
6.165128e-01
7.958145e-01
-8.639100e-01
-6.894464e-01
-5.117336e-01
-3.274423e-01
-1.245422e-01
1.056824e-01
-9.269695e-01
-9.870049e-01
3.422104e-01
5.488436e-01
7.265056e-01
-7.624544e-01
1.030819e+00
-1.059465e+00
-5.857062e-01
-4.060818e-01
-2.119889e-01
1.089011e-02
9.052426e-01
2.552867e-01
-9.912449e-01
4.782710e-01
6.619667e-01
8.350252e-01
-9.142018e-01
9.708231e-01
-8.344894e-01
-6.594223e-01
-1.063515e+00
-4.821452e-01
-2.962299e-01
-8.427503e-02
1.619140e-01
1.088420e+00
4.024963e-01
-9.973252e-01
5.982330e-01
7.671378e-01
-9.279347e-01
-7.348167e-01
-1.067644e+00
-5.560269e-01
-3.769055e-01
-1.770155e-01
6.289186e-02
3.180535e-01
-8.694453e-01
-1.002735e+00
5.331911e-01
7.043698e-01
-8.085177e-01
-9.329998e-01
1.033681e+00
-1.071768e+00
-6.287280e-01
-8.654800e-01
8.614245e-01
-4.540049e-01
9.203483e-01
-2.655754e-01
-3.996097e-02
2.234424e-01
-1.008422e+00
4.639962e-01
6.441342e-01
8.015097e-01
9.775506e-01
-9.389993e-01
-1.075780e+00
-7.030091e-01
-5.276272e-01
-8.680002e-01
-3.492413e-01
-7.889803e-01
-1.404963e-01
1.089646e+00
1.237244e-01
-1.014187e+00
3.866671e-01
5.846284e-01
7.424246e-01
-9.462120e-01
-1.079556e+00
-5.990804e-01
-8.766350e-01
-4.280033e-01
-2.353790e-01
1.290075e-02
-8.067049e-01
-1.019630e+00
2.915544e-01
5.244527e-01
6.853290e-01
-9.535211e-01
8.777271e-01
1.034922e+00
-1.082953e+00
-7.371835e-01
8.275766e-01
-6.684989e-01
9.281972e-01
-8.852299e-01
-5.018857e-01
-3.236330e-01
-1.021624e-01
-1.024449e+00
1.819824e-01
-8.177628e-01
4.584488e-01
6.303039e-01
9.808473e-01
-9.604414e-01
7.748921e-01
-7.543829e-01
-1.085823e+00
-8.936612e-01
-5.706626e-01
-4.049892e-01
1.089994e+00
-2.049992e-01
-1.028402e+00
9.360422e-02
-7.008351e-01
-8.267551e-01
3.771641e-01
5.771859e-01
7.211181e-01
-9.665586e-01
-7.634163e-01
-6.424001e-01
-1.088026e+00
-7.039602e-01
-9.017658e-01
-4.799161e-01
-3.005563e-01
-1.031306e+00
-7.127355e-02
-8.357335e-01
2.227297e-01
5.286943e-01
8.453988e-01
8.832253e-01
6.692131e-01
-9.715046e-01
1.034779e+00
-7.722020e-01
-1.089443e+00
2.191315e-02
8.026104e-01
3.147192e-01
9.307742e-01
-9.090033e-01
-7.126163e-01
-5.484946e-01
-3.863060e-01
-1.033041e+00
-1.715554e-01
-8.445817e-01
1.241226e-01
-6.542083e-01
4.256043e-01
9.815520e-01
6.209259e-01
-9.750132e-01
-6.031949e-01
7.516273e-01
-1.089994e+00
-7.814055e-01
-9.148165e-01
-7.221934e-01
1.089444e+00
-4.628616e-01
-1.033557e+00
-2.794218e-01
-6.648141e-01
-8.525556e-01
5.756232e-01
-9.769397e-01
7.014733e-01
-1.089647e+00
-7.905400e-01
-6.001935e-01
-9.188002e-01
-7.319723e-01
-5.312731e-01
-1.190892e-01
-1.032880e+00
8.342068e-01
-3.732078e-01
-8.588645e-01
-6.771462e-01
8.832918e-01
5.128167e-01
-9.772622e-01
-2.535207e-01
1.033465e+00
6.550928e-01
-6.223818e-01
-1.088421e+00
-7.986707e-01
9.298329e-01
7.783072e-01
-9.207541e-01
-7.411960e-01
-3.688224e-01
-1.031100e+00
-4.534188e-01
-8.629272e-01
-5.717135e-01
-6.879675e-01
9.803539e-01
-9.760726e-01
6.187385e-01
-6.360319e-01
-1.086387e+00
5.715095e-01
-8.047812e-01
7.282469e-01
-5.212064e-01
-9.206852e-01
-5.800144e-01
-7.489218e-01
1.088027e+00
-1.028367e+00
-8.644839e-01
-6.975151e-01
-9.735553e-01
6.022529e-01
-1.083657e+00
-6.489872e-01
-8.081185e-01
6.813906e-01
-9.187759e-01
-5.965134e-01
8.436107e-01
-7.539021e-01
-1.024867e+00
-5.262196e-01
7.997048e-01
-8.636030e-01
-4.502265e-01
8.791137e-01
-3.738313e-01
-7.044814e-01
-9.699576e-01
1.031168e+00
-1.080367e+00
-8.084238e-01
6.366631e-01
-6.598466e-01
9.265567e-01
-9.153333e-01
7.502653e-01
-6.155405e-01
-7.552698e-01
-1.020799e+00
5.983994e-01
-8.606078e-01
-5.649924e-01
-7.072239e-01
9.778309e-01
-9.655561e-01
-1.076665e+00
-8.059348e-01
-6.658231e-01
7.036772e-01
-9.107284e-01
-5.115427e-01
-6.288250e-01
-7.529513e-01
1.085824e+00
-1.016362e+00
-4.733435e-01
-8.559693e-01
-5.911377e-01
6.085189e-01
-7.049031e-01
-9.606235e-01
-8.012211e-01
-1.072694e+00
-5.466073e-01
-6.648025e-01
6.614847e-01
8.225619e-01
-9.053405e-01
-7.476069e-01
-6.329731e-01
-1.011731e+00
7.684735e-01
-8.502008e-01
8.722216e-01
-6.071894e-01
-6.980445e-01
-9.554061e-01
1.028052e+00
-7.949762e-01
-1.068586e+00
-5.854687e-01
5.934880e-01
-6.563478e-01
9.223745e-01
-8.995147e-01
7.212472e-01
-7.402509e-01
-5.425497e-01
-6.252219e-01
-1.007055e+00
-8.437789e-01
6.247088e-01
-6.061235e-01
-6.882344e-01
9.743825e-01
-9.501078e-01
-7.878547e-01
-1.064450e+00
-6.425442e-01
-6.000000e-01
-8.935374e-01
6.771433e-01
-7.318610e-01
1.082954e+00
-1.002441e+00
-6.067759e-01
5.904389e-01
-8.370991e-01
-6.771994e-01
-5.847178e-01
-9.448830e-01
-7.803905e-01
-1.060376e+00
7.813430e-01
8.191561e-01
-5.833206e-01
-6.267583e-01
-8.876264e-01
6.419042e-01
-7.231856e-01
-9.979201e-01
-5.836641e-01
8.671842e-01
-8.304605e-01
7.375468e-01
-5.341847e-01
-5.504701e-01
-6.661582e-01
-9.398139e-01
1.024273e+00
-7.729733e-01
-1.056428e+00
5.598070e-01
-6.114049e-01
9.176359e-01
-8.819261e-01
-4.818992e-01
-7.147234e-01
6.890862e-01
-9.932956e-01
-5.615754e-01
-8.240676e-01
-6.558048e-01
5.997583e-01
9.701413e-01
-9.348036e-01
-7.658608e-01
-1.052654e+00
-5.180781e-01
-5.975461e-01
-8.764730e-01
6.430003e-01
-7.067657e-01
5.484754e-01
1.079558e+00
-9.879503e-01
-5.422602e-01
-8.180323e-01
-6.464720e-01
7.623221e-01
-9.292985e-01
-4.912226e-01
-7.592027e-01
-1.049982e+00
-4.553388e-01
8.127424e-01
-5.856128e-01
-8.710945e-01
-6.994519e-01
-9.804707e-01
-1.047429e+00
-4.435035e-01
-5.260756e-01
8.607394e-01
-8.123305e-01
7.031970e-01
-6.382423e-01
-9.217059e-01
-4.695709e-01
-3.982557e-01
1.020009e+00
-7.530564e-01
4.990015e-01
-5.756514e-01
9.119463e-01
-8.656961e-01
-6.928260e-01
-1.045000e+00
-9.740238e-01
-4.151445e-01
6.502523e-01
-5.130132e-01
-8.066877e-01
-3.511701e-01
-6.310550e-01
-9.027698e-01
-8.641700e-01
9.652538e-01
-3.599275e-01
-4.523421e-01
-7.473637e-01
-5.674555e-01
5.982644e-01
-3.937699e-01
-3.016968e-01
-6.868981e-01
1.075782e+00
-8.311800e-01
-5.027830e-01
4.859132e-01
-8.004518e-01
7.659744e-01
-6.247961e-01
-3.340469e-01
5.453181e-01
7.171551e-01
-4.389851e-01
-7.417531e-01
-2.362129e-01
8.030452e-01
-5.607102e-01
-2.692429e-01
-3.773582e-01
-6.818298e-01
-4.948966e-01
8.528637e-01
-1.962977e-01
6.609397e-01
-3.157877e-01
-6.193936e-01
-4.289308e-01
1.015448e+00
-7.336571e-01
-5.550675e-01
-2.492412e-01
-7.591916e-01
9.056828e-01
4.070985e-01
-3.648122e-01
-1.097774e-01
-6.788787e-01
6.038900e-01
-4.887851e-01
-1.729281e-01
-3.021314e-01
-6.151261e-01
9.599871e-01
-8.250525e-02
-4.215303e-01
-2.364324e-01
-5.501123e-01
5.458187e-01
-3.554320e-01
-6.867387e-01
1.071769e+00
-4.837399e-01
7.371055e-01
2.191324e-02
-1.616553e-01
-2.915608e-01
-6.134379e-01
4.153822e-01
-4.160252e-01
6.739493e-01
-7.242350e-02
4.845277e-01
7.913854e-01
4.692873e-02
-2.271379e-01
-5.453406e-01
-3.486057e-01
-1.562442e-01
-4.785454e-01
8.450761e-01
1.617006e-01
1.806805e-01
-2.834029e-01
6.142318e-01
-6.137563e-01
-4.112031e-01
-7.444350e-02
1.010749e+00
-2.195844e-01
2.675837e-01
2.925456e-01
3.467295e-01
-5.401861e-01
1.937983e-02
8.993365e-01
-3.435618e-01
-1.522977e-01
5.516461e-01
-4.716105e-01
-2.772802e-01
1.223479e-01
9.545675e-01
-7.664255e-02
-4.045339e-01
-2.132658e-01
2.686432e-01
4.862140e-01
3.419078e-01
-3.389115e-01
6.850933e-03
-1.484598e-01
6.852082e-01
2.229354e-01
1.067646e+00
7.290765e-01
9.240886e-02
-4.659835e-01
-2.727738e-01
-7.754808e-02
4.144071e-01
-3.911263e-01
6.294418e-01
7.833737e-01
-2.081515e-01
1.786879e-01
-3.320371e-01
9.114088e-04
-1.446109e-01
3.264980e-01
8.379163e-01
8.075975e-02
-2.696528e-01
5.629924e-01
-7.743377e-02
2.663764e-01
1.472809e-01
1.006048e+00
-2.043236e-01
-2.760305e-03
8.930261e-01
-1.410088e-01
4.931772e-01
-3.156234e-01
2.261490e-01
7.708279e-02
4.177375e-01
-2.714259e-01
-7.655821e-02
3.507618e-01
9.491353e-01
1.539970e-01
-2.019379e-01
-5.816101e-03
6.579600e-01
-1.378109e-01
7.206526e-01
1.063517e+00
3.016550e-01
7.243919e-02
-2.395228e-01
-7.537143e-02
4.296896e-01
1.531230e-01
7.758236e-01
5.797466e-01
-8.370271e-03
2.300349e-01
3.670333e-01
3.017844e-01
-1.322841e-01
-1.629156e-01
6.669650e-02
5.057128e-01
8.305729e-01
-7.501032e-02
1.481015e-01
1.001483e+00
-1.080115e-02
8.867042e-01
4.429745e-01
2.294266e-01
3.765418e-01
3.057310e-01
5.941734e-02
-8.593404e-02
9.438320e-01
1.401715e-01
6.602713e-01
-8.744670e-03
5.199545e-01
5.945416e-01
2.245873e-01
7.145187e-01
4.673302e-02
1.059466e+00
4.543771e-01
3.062505e-01
3.830737e-01
1.269598e-01
7.665145e-01
2.169449e-01
8.226183e-01
6.846637e-02
5.325031e-01
3.018895e-01
4.639436e-01
3.858302e-01
9.972816e-01
8.807027e-01
2.137942e-01
1.455108e-01
6.051769e-01
2.927865e-01
9.389938e-01
6.618282e-01
5.472384e-01
3.789919e-01
4.758058e-01
6.994148e-01
1.055554e+00
2.222163e-01
2.783474e-01
6.269471e-01
7.541213e-01
3.607671e-01
5.758349e-01
4.493237e-01
8.159049e-01
2.984418e-01
5.286818e-01
9.938562e-01
8.762417e-01
3.740867e-01
4.429697e-01
6.711474e-01
6.100307e-01
5.008558e-01
9.353255e-01
5.647442e-01
1.051824e+00
4.490933e-01
7.490852e-01
6.883025e-01
5.138722e-01
6.399012e-01
5.974486e-01
8.142274e-01
5.234445e-01
7.571053e-01
9.917777e-01
7.110086e-01
8.747621e-01
6.722325e-01
5.971560e-01
9.336874e-01
6.702684e-01
7.690345e-01
8.175222e-01
7.427251e-01
1.048301e+00
8.169309e-01
8.757883e-01
7.428375e-01
9.915372e-01
8.149273e-01
9.346863e-01
8.783979e-01
1.045000e+00
8.866039e-01
9.395630e-01
9.923541e-01
