2.191315e-02
-3.814953e-02
-8.447522e-03
-6.553811e-02
4.722795e-02
-9.771801e-02
-1.227320e-01
7.380203e-02
1.010960e-01
1.250276e-01
1.537783e-01
1.753831e-01
2.062339e-01
2.318716e-01
2.584653e-01
2.859898e-01
3.092504e-01
3.372642e-01
3.578888e-01
-1.564179e-01
-1.794728e-01
-2.135201e-01
-2.349972e-01
3.851650e-01
4.035993e-01
-2.684667e-01
-2.885613e-01
-3.207455e-01
-3.395040e-01
-3.698077e-01
-3.872297e-01
-4.151680e-01
-4.312044e-01
-4.563730e-01
-4.709486e-01
-4.930100e-01
-5.060372e-01
-5.247158e-01
-5.360981e-01
-5.511605e-01
-5.608213e-01
-5.720952e-01
-5.799673e-01
-5.873114e-01
-5.933619e-01
-5.968138e-01
-6.007734e-01
-6.000000e-01
-6.020167e-01
-5.969933e-01
-5.971319e-01
-5.880254e-01
-5.862123e-01
-5.731534e-01
-5.693763e-01
-5.525498e-01
-5.468259e-01
-5.264242e-01
-5.187995e-01
-4.950198e-01
-4.855811e-01
-4.586638e-01
4.292040e-01
4.456894e-01
-4.475073e-01
-4.177173e-01
-4.049594e-01
-3.725897e-01
-3.583630e-01
-3.237327e-01
-3.081829e-01
4.689500e-01
4.835924e-01
-2.716288e-01
-2.549233e-01
-2.168244e-01
-1.991091e-01
5.040057e-01
5.168346e-01
-1.598363e-01
-1.412380e-01
-1.012094e-01
5.340053e-01
5.450251e-01
-8.159100e-02
5.586699e-01
5.678443e-01
-3.991483e-02
-2.071005e-02
5.777503e-01
5.850209e-01
5.910215e-01
5.963808e-01
5.983994e-01
6.018204e-01
5.997293e-01
6.015228e-01
2.191324e-02
5.947041e-01
5.979956e-01
4.023706e-02
8.175630e-02
1.004910e-01
1.406698e-01
1.596171e-01
5.892831e-01
5.837703e-01
1.982833e-01
2.170722e-01
2.538804e-01
2.722740e-01
3.069187e-01
3.246893e-01
3.569035e-01
3.738152e-01
4.033104e-01
4.191709e-01
4.456798e-01
4.603117e-01
4.835885e-01
4.968296e-01
5.166568e-01
5.283483e-01
5.445568e-01
5.544937e-01
5.669982e-01
5.748864e-01
1.827390e-01
2.339937e-01
1.299757e-01
-3.611209e-02
1.976131e-02
7.541233e-02
2.844444e-01
-9.232099e-02
3.338871e-01
-1.489141e-01
-2.052061e-01
3.813559e-01
-2.602192e-01
4.258259e-01
-3.131062e-01
-3.631697e-01
-4.098075e-01
-5.750317e-01
-4.524861e-01
-5.920208e-01
-5.523293e-01
-4.907330e-01
-5.241328e-01
-6.031130e-01
4.665145e-01
-6.081279e-01
-5.416112e-01
-5.111155e-01
-5.666886e-01
-4.755113e-01
-5.860811e-01
-5.995575e-01
-6.069422e-01
-4.351566e-01
5.028348e-01
-3.904547e-01
-3.418521e-01
-2.898345e-01
5.343195e-01
-2.349234e-01
5.605877e-01
-1.776567e-01
5.813307e-01
-1.185234e-01
5.963049e-01
6.053565e-01
6.085115e-01
-5.798180e-02
5.870100e-01
5.690050e-01
5.450267e-01
5.153853e-01
4.805060e-01
4.407877e-01
3.966327e-01
3.484733e-01
2.967736e-01
5.992765e-01
2.420218e-01
6.063409e-01
3.368868e-03
1.847285e-01
1.254485e-01
6.477569e-02
2.110783e-01
1.592172e-01
2.615840e-01
1.048631e-01
-7.651926e-03
4.866782e-02
-6.370258e-02
3.117439e-01
-1.203306e-01
3.609578e-01
-1.774745e-01
-2.340810e-01
4.078878e-01
-2.890400e-01
-3.414997e-01
4.514169e-01
-3.907860e-01
-4.363238e-01
-5.920663e-01
-5.717070e-01
-4.776050e-01
-5.456587e-01
-5.141807e-01
-6.065440e-01
-6.149717e-01
-5.357455e-01
-5.637893e-01
4.907911e-01
-5.023495e-01
-6.171817e-01
-5.861903e-01
-6.026912e-01
-4.639373e-01
-6.130732e-01
-4.208925e-01
-3.736445e-01
5.254720e-01
-3.226648e-01
-2.684660e-01
5.550355e-01
-2.115985e-01
5.791402e-01
-1.526117e-01
5.975065e-01
6.099242e-01
6.163206e-01
-9.199998e-02
5.863375e-01
5.648786e-01
5.374832e-01
5.045407e-01
4.664873e-01
4.237360e-01
3.767127e-01
6.168549e-01
-3.023231e-02
3.258718e-01
2.716915e-01
6.018586e-01
2.146656e-01
6.119357e-01
1.553217e-01
3.211842e-02
9.424790e-02
1.884922e-01
2.397747e-01
1.349191e-01
7.862698e-02
2.134187e-02
-3.548344e-02
2.904905e-01
-9.240442e-02
3.410992e-01
-1.502274e-01
-2.083411e-01
3.903784e-01
-2.654344e-01
4.368120e-01
-3.203930e-01
-3.724139e-01
-4.208671e-01
-5.928152e-01
-4.652127e-01
-5.691073e-01
-6.106288e-01
-5.397270e-01
-5.049734e-01
-6.223760e-01
4.793364e-01
-6.278854e-01
-5.605681e-01
-5.293047e-01
-5.862324e-01
-6.269989e-01
-6.060179e-01
-4.927589e-01
-6.196738e-01
-4.512946e-01
5.172814e-01
-4.053247e-01
-3.553073e-01
-3.017442e-01
5.501734e-01
-2.451828e-01
5.776418e-01
-1.861963e-01
5.993825e-01
6.151482e-01
-1.253229e-01
6.247994e-01
6.283685e-01
5.864051e-01
-6.302966e-02
5.614912e-01
5.307105e-01
4.944924e-01
4.532782e-01
4.074986e-01
3.576028e-01
6.052682e-01
3.040634e-01
2.093818e-04
2.473665e-01
6.261044e-01
1.880189e-01
6.370868e-02
1.265824e-01
6.183769e-01
2.183220e-01
1.653731e-01
1.095081e-01
2.698373e-01
5.151262e-02
-6.613785e-03
-6.439061e-02
3.214248e-01
-1.228239e-01
3.726806e-01
-1.821633e-01
-2.413014e-01
4.219580e-01
-2.988429e-01
-3.537410e-01
4.677580e-01
-4.052562e-01
-4.528026e-01
-5.940066e-01
-6.152533e-01
-4.958733e-01
-5.668418e-01
-5.340188e-01
-6.303903e-01
-6.392473e-01
-6.416456e-01
5.091374e-01
-5.572967e-01
-5.863994e-01
-6.096399e-01
-5.226355e-01
-6.374669e-01
-6.267425e-01
-4.827611e-01
-4.380689e-01
-3.890027e-01
5.455176e-01
-3.360535e-01
-2.797609e-01
5.764884e-01
-2.207048e-01
6.017228e-01
-1.594592e-01
6.209480e-01
6.339741e-01
-9.652793e-02
6.407584e-01
5.868834e-01
5.584209e-01
5.241681e-01
4.845756e-01
4.400950e-01
3.911785e-01
6.092548e-01
-3.235931e-02
3.382964e-01
6.414416e-01
2.819333e-01
2.225856e-01
3.247861e-02
1.607894e-01
9.716400e-02
6.256232e-01
6.363179e-01
1.965571e-01
2.495421e-01
1.412028e-01
8.299440e-02
2.356815e-02
3.020504e-01
-3.563175e-02
-9.499262e-02
3.548239e-01
-1.553619e-01
-2.163178e-01
4.066882e-01
-2.764454e-01
4.558200e-01
-3.343800e-01
-3.891656e-01
-4.401236e-01
-4.867069e-01
-6.205441e-01
-5.956906e-01
-5.284370e-01
-5.648884e-01
-6.392261e-01
5.008450e-01
-6.515585e-01
-6.573596e-01
-6.564638e-01
-5.869425e-01
-6.138115e-01
-5.542192e-01
-6.345272e-01
-6.488176e-01
-5.159727e-01
-4.725807e-01
5.409547e-01
-4.244722e-01
-3.721261e-01
-3.160727e-01
5.756549e-01
-2.568913e-01
6.045879e-01
-1.951794e-01
6.274598e-01
6.440430e-01
-1.314863e-01
6.542328e-01
-6.627966e-02
5.878041e-01
5.556380e-01
5.177506e-01
6.580911e-01
4.746101e-01
4.266852e-01
6.138731e-01
3.744503e-01
3.183918e-01
-5.603807e-05
2.590047e-01
1.968083e-01
6.337648e-01
6.647188e-02
6.558282e-01
1.323898e-01
6.476912e-01
1.738987e-01
2.291579e-01
1.157691e-01
2.830012e-01
5.538609e-02
-5.504945e-03
-6.632872e-02
3.370431e-01
-1.278558e-01
3.910937e-01
-1.904122e-01
-2.530074e-01
4.434495e-01
-3.140907e-01
-3.723855e-01
4.922940e-01
-4.270271e-01
-4.773909e-01
-5.229624e-01
-6.266508e-01
-5.979626e-01
-5.632870e-01
-6.490906e-01
-6.650844e-01
-6.744492e-01
-6.769977e-01
5.364212e-01
-6.187193e-01
-6.726059e-01
-5.880095e-01
-6.432485e-01
-6.612980e-01
-5.514440e-01
-5.093851e-01
-4.622461e-01
-4.104937e-01
5.751498e-01
-3.546479e-01
-2.952841e-01
6.080580e-01
-2.330126e-01
6.348274e-01
-1.684240e-01
6.552022e-01
6.690259e-01
-1.020288e-01
6.762936e-01
5.892581e-01
5.531799e-01
5.114380e-01
6.192431e-01
4.645206e-01
4.129174e-01
-3.430166e-02
3.571225e-01
2.976352e-01
6.771467e-01
6.429278e-01
2.349682e-01
3.414478e-02
1.696834e-01
1.024586e-01
6.717940e-01
6.603913e-01
2.081012e-01
1.499291e-01
2.640066e-01
8.895376e-02
2.646095e-02
3.194630e-01
-3.626963e-02
-9.937221e-02
3.753521e-01
-1.635176e-01
-2.283993e-01
4.306396e-01
-2.926304e-01
4.833420e-01
-3.546458e-01
-4.132802e-01
-4.677524e-01
-5.174834e-01
-6.336268e-01
-5.619849e-01
-6.008243e-01
-6.600905e-01
-6.799874e-01
5.317628e-01
-6.931260e-01
-6.993118e-01
-6.983742e-01
-6.244230e-01
-6.902538e-01
-6.530123e-01
-6.750552e-01
-5.896130e-01
-5.489363e-01
-5.027917e-01
5.748732e-01
-4.516320e-01
-3.959674e-01
-3.363664e-01
6.121036e-01
-2.734464e-01
6.430886e-01
-2.078297e-01
6.675471e-01
6.852812e-01
-1.400775e-01
6.962267e-01
-7.068113e-02
5.912486e-01
5.509981e-01
6.254089e-01
5.051303e-01
4.541571e-01
7.004663e-01
3.985894e-01
3.389372e-01
-1.885965e-04
6.531733e-01
2.757158e-01
7.063893e-02
2.094722e-01
1.408453e-01
6.981657e-01
6.744981e-01
6.894824e-01
1.858143e-01
2.445523e-01
1.243612e-01
6.054571e-02
3.019549e-01
-4.255499e-03
-6.942294e-02
3.596007e-01
-1.354204e-01
4.174606e-01
-2.025003e-01
-2.697748e-01
4.738669e-01
-3.356276e-01
-3.985559e-01
5.267580e-01
-4.575094e-01
-5.117795e-01
-5.608237e-01
-6.414279e-01
-6.041762e-01
-6.722363e-01
-6.963355e-01
-7.135147e-01
-7.235753e-01
-7.263218e-01
5.746163e-01
-7.216260e-01
-7.095070e-01
-6.638269e-01
-6.901456e-01
-6.308806e-01
-5.916610e-01
-5.465566e-01
-4.960065e-01
-4.405091e-01
6.165800e-01
-3.806266e-01
-3.169788e-01
6.521720e-01
-2.502113e-01
6.810738e-01
-1.809330e-01
7.030527e-01
7.179927e-01
-1.096757e-01
5.936825e-01
7.259239e-01
6.323252e-01
5.489472e-01
4.986326e-01
-3.696457e-02
4.432742e-01
6.644893e-01
3.834012e-01
3.195405e-01
3.652343e-02
2.522358e-01
1.098831e-01
7.269754e-01
1.820983e-01
6.900239e-01
7.212840e-01
7.089495e-01
1.618521e-01
2.240382e-01
9.692990e-02
2.841273e-01
3.015269e-02
3.438159e-01
-3.741797e-02
-1.057005e-01
4.040173e-01
-1.751065e-01
-2.453302e-01
4.638322e-01
-3.150247e-01
5.211995e-01
-3.824776e-01
-4.462939e-01
-5.055370e-01
-5.595579e-01
5.741160e-01
-6.078394e-01
-6.499377e-01
-6.854747e-01
-7.141402e-01
-7.356874e-01
-7.499096e-01
-7.566083e-01
-7.556102e-01
-7.468448e-01
-7.304106e-01
-7.065609e-01
-6.756307e-01
-6.379810e-01
-5.939952e-01
6.212592e-01
-5.440994e-01
-4.887755e-01
-4.285768e-01
6.619207e-01
-3.641316e-01
-2.961081e-01
6.957049e-01
-2.251497e-01
7.223356e-01
7.416442e-01
-1.518313e-01
7.536156e-01
-7.669374e-02
6.398711e-01
5.963836e-01
5.468013e-01
4.916690e-01
6.768009e-01
4.315375e-01
-3.624575e-04
3.669557e-01
7.583592e-01
2.984807e-01
7.633067e-02
2.267135e-01
7.069337e-01
1.523673e-01
7.560042e-01
7.302246e-01
7.466127e-01
2.019440e-01
1.358854e-01
2.654322e-01
6.729646e-02
3.277432e-01
-2.778194e-03
-7.374271e-02
3.903453e-01
-1.458114e-01
4.532731e-01
-2.190572e-01
-2.925853e-01
5.149559e-01
-3.646982e-01
-4.336937e-01
5.731448e-01
-4.983558e-01
-5.578601e-01
-6.115765e-01
-6.589924e-01
-6.997132e-01
-7.334103e-01
-7.597404e-01
-7.784403e-01
-7.893646e-01
6.259112e-01
-7.923728e-01
-7.873074e-01
-7.741084e-01
-7.529552e-01
-7.242246e-01
-6.883133e-01
-6.455869e-01
-5.964473e-01
-5.413482e-01
6.721293e-01
-4.808000e-01
-4.154558e-01
-3.460803e-01
7.113100e-01
-2.733509e-01
7.431222e-01
-1.978040e-01
7.672567e-01
7.836329e-01
-1.199959e-01
6.478092e-01
5.990665e-01
5.442483e-01
6.899640e-01
-4.059395e-02
7.924131e-01
4.838646e-01
4.184759e-01
3.486844e-01
3.962508e-02
7.251120e-01
2.751365e-01
1.197002e-01
1.985373e-01
7.938039e-01
7.532905e-01
7.878879e-01
7.743919e-01
1.780758e-01
2.454161e-01
1.076622e-01
3.108998e-01
3.502562e-02
3.762939e-01
-3.875385e-02
-1.138310e-01
4.422081e-01
-1.904459e-01
5.079004e-01
-2.680320e-01
-3.450418e-01
5.715398e-01
-4.194068e-01
-4.897669e-01
-5.553044e-01
6.305565e-01
-6.151221e-01
-6.684814e-01
-7.148568e-01
-7.541815e-01
-7.860375e-01
-8.095758e-01
-8.247896e-01
-8.319811e-01
-8.311087e-01
-8.217004e-01
-8.034603e-01
-7.769813e-01
-7.430014e-01
-7.018401e-01
6.827581e-01
-6.536889e-01
-5.990086e-01
-5.381808e-01
-4.716678e-01
7.276758e-01
-4.006209e-01
-3.261704e-01
7.654323e-01
-2.485330e-01
7.952060e-01
-1.677979e-01
8.163188e-01
-8.494457e-02
8.292348e-01
6.556110e-01
6.013283e-01
7.035920e-01
5.408653e-01
4.746015e-01
-1.020464e-03
7.445054e-01
4.032120e-01
3.275341e-01
8.327197e-02
8.346292e-01
2.484935e-01
1.668348e-01
7.776724e-01
8.328435e-01
8.048295e-01
8.237534e-01
2.246973e-01
1.528097e-01
2.926449e-01
7.645385e-02
3.613372e-01
-5.290559e-05
-7.772156e-02
4.304758e-01
-1.582788e-01
4.997713e-01
-2.406415e-01
-3.233533e-01
5.685453e-01
-4.038636e-01
-4.793294e-01
6.354728e-01
-5.512843e-01
-6.181739e-01
-6.785284e-01
-7.313522e-01
-7.760833e-01
-8.152351e-01
-8.450237e-01
-8.637213e-01
-8.744744e-01
6.950040e-01
-8.778328e-01
-8.739630e-01
-8.593231e-01
-8.344310e-01
-8.020701e-01
-7.631208e-01
-7.167343e-01
-6.625724e-01
-6.022219e-01
7.446300e-01
-5.344952e-01
-4.603670e-01
7.885371e-01
-3.835491e-01
-3.052391e-01
8.264421e-01
-2.221146e-01
8.533227e-01
-1.346340e-01
8.694170e-01
6.627138e-01
7.162371e-01
-4.670232e-02
6.028690e-01
5.359075e-01
7.649627e-01
8.782096e-01
4.624920e-01
4.154791e-02
3.837815e-01
1.303877e-01
3.014495e-01
2.170906e-01
8.042879e-01
8.804875e-01
8.336508e-01
8.768833e-01
8.675567e-01
2.099468e-01
2.721910e-01
1.215981e-01
3.441924e-01
4.194568e-02
-3.702945e-02
4.174974e-01
-1.184258e-01
4.897492e-01
-2.104946e-01
5.631582e-01
-2.969267e-01
-3.887242e-01
6.362297e-01
-4.690268e-01
-5.422675e-01
-6.224639e-01
7.139910e-01
-6.871373e-01
-7.526138e-01
-7.996858e-01
-8.431357e-01
-8.905177e-01
-9.088365e-01
-9.205844e-01
-9.265802e-01
-9.276446e-01
-9.269063e-01
-8.962088e-01
-8.679367e-01
7.648113e-01
-8.259396e-01
-7.895267e-01
-7.312996e-01
-6.740358e-01
-6.067846e-01
-5.299464e-01
8.084730e-01
-4.428622e-01
-3.669865e-01
8.586153e-01
-2.869367e-01
9.006554e-01
-1.935138e-01
9.152165e-01
-9.634001e-02
9.248292e-01
7.274637e-01
6.701991e-01
6.033428e-01
7.807395e-01
-9.203124e-03
5.277291e-01
4.449457e-01
8.736207e-02
3.569321e-01
1.808778e-01
2.680587e-01
8.391920e-01
9.295375e-01
8.656027e-01
9.298513e-01
9.027810e-01
9.740293e-01
9.442076e-01
1.008625e+00
1.045000e+00
1.047429e+00
1.049981e+00
8.724140e-01
9.914780e-01
8.311968e-01
1.052653e+00
7.995062e-01
7.592141e-01
9.182608e-01
9.761188e-01
7.269248e-01
6.867670e-01
8.416915e-01
6.541930e-01
1.056427e+00
6.137906e-01
7.677443e-01
5.808796e-01
5.402265e-01
6.950518e-01
8.870746e-01
9.971693e-01
5.068654e-01
4.660301e-01
6.220720e-01
8.097691e-01
4.322109e-01
1.060374e+00
3.911791e-01
5.480348e-01
9.271491e-01
7.364901e-01
3.568538e-01
3.156825e-01
4.733978e-01
6.644760e-01
8.521186e-01
1.005073e+00
2.804852e-01
2.395884e-01
3.987654e-01
5.904324e-01
7.780926e-01
2.029838e-01
9.539126e-01
1.064449e+00
1.629876e-01
3.233057e-01
5.137078e-01
7.074883e-01
8.933448e-01
1.248754e-01
8.601233e-02
2.453081e-01
4.393127e-01
6.384086e-01
1.009111e+00
8.199162e-01
4.674248e-02
8.829113e-03
1.647574e-01
3.675735e-01
5.567596e-01
7.473561e-01
9.418503e-01
-3.140881e-02
1.068584e+00
-6.837598e-02
8.455445e-02
2.930260e-01
4.715289e-01
6.855024e-01
8.625997e-01
-1.097065e-01
-1.454147e-01
5.570282e-03
4.082786e-01
1.011060e+00
6.307682e-01
7.887895e-01
-1.874783e-01
-2.221148e-01
-7.380101e-02
9.614027e-01
7.091896e-01
-2.638898e-01
9.009799e-01
1.072692e+00
-2.983350e-01
-1.546139e-01
-3.394753e-01
8.298455e-01
-3.739748e-01
-2.324081e-01
1.012834e+00
-4.148782e-01
7.667299e-01
-4.489767e-01
-3.059244e-01
9.427581e-01
-4.898043e-01
8.658062e-01
1.076663e+00
-5.233231e-01
-3.805458e-01
-5.639923e-01
7.953516e-01
-5.970300e-01
-4.561290e-01
-2.772830e-01
1.019126e+00
-6.374497e-01
-6.701376e-01
-5.309768e-01
8.941552e-01
-3.448720e-01
9.565582e-01
-7.102489e-01
1.080365e+00
8.318545e-01
-7.427019e-01
-6.050273e-01
-4.219364e-01
-7.825024e-01
-8.147870e-01
-6.782204e-01
-4.972501e-01
1.023856e+00
-8.541398e-01
9.086648e-01
-8.864587e-01
-7.507047e-01
8.605701e-01
-5.723669e-01
9.654439e-01
-9.235878e-01
1.083655e+00
-9.394666e-01
-8.227854e-01
-6.467409e-01
-4.630570e-01
-9.890866e-01
-9.923061e-01
-8.945566e-01
-7.195919e-01
-1.048301e+00
-1.045000e+00
-5.366613e-01
1.027000e+00
-1.051823e+00
-9.757818e-01
9.194430e-01
-7.919131e-01
9.673570e-01
-1.055553e+00
-6.164768e-01
1.086386e+00
-8.639118e-01
-6.895547e-01
-9.269699e-01
-9.870052e-01
-7.625264e-01
1.030252e+00
-1.059465e+00
-5.950664e-01
-9.912461e-01
-9.142072e-01
9.693547e-01
-8.345178e-01
-6.601099e-01
-1.063515e+00
1.088420e+00
-9.973215e-01
-9.279556e-01
-7.354679e-01
-1.067644e+00
-8.694968e-01
-1.002685e+00
-8.087957e-01
-9.330021e-01
1.033317e+00
-1.071768e+00
-8.657178e-01
-1.008191e+00
9.756819e-01
-9.387317e-01
-1.075780e+00
-7.065473e-01
-8.682553e-01
-7.908664e-01
1.089646e+00
-1.013902e+00
-9.448158e-01
-1.079556e+00
-8.760024e-01
-8.084430e-01
-1.019149e+00
-9.533269e-01
1.035029e+00
-1.082953e+00
-7.481310e-01
-8.772086e-01
-1.023492e+00
-8.216451e-01
9.801966e-01
-9.590609e-01
-1.085823e+00
-9.040692e-01
1.089994e+00
-1.027790e+00
-9.637000e-01
-1.088026e+00
-1.031660e+00
-9.718923e-01
1.035229e+00
-1.089443e+00
-1.033957e+00
9.819497e-01
-9.776281e-01
-1.089994e+00
1.089444e+00
-1.034791e+00
-9.801994e-01
-1.089647e+00
-1.035083e+00
-9.813901e-01
1.034140e+00
-1.088421e+00
-1.031559e+00
9.813771e-01
-9.874110e-01
-1.086387e+00
1.088027e+00
-1.027312e+00
-9.660505e-01
-1.083657e+00
-1.025180e+00
-9.712064e-01
1.031965e+00
-1.080367e+00
9.270947e-01
-1.021405e+00
-9.236288e-01
9.795081e-01
-9.682293e-01
-1.076665e+00
-9.191785e-01
1.085824e+00
-1.016843e+00
-9.629501e-01
-1.072694e+00
-9.138340e-01
-1.012025e+00
-8.761029e-01
-9.568395e-01
1.028727e+00
-1.068586e+00
-9.047302e-01
9.259410e-01
-1.007216e+00
-8.583800e-01
9.765219e-01
-9.508625e-01
-1.064450e+00
-8.962340e-01
1.082954e+00
-1.002529e+00
-8.448347e-01
-9.452453e-01
-1.060376e+00
-8.886554e-01
-9.979713e-01
-8.334488e-01
-9.400089e-01
-7.905412e-01
1.024599e+00
-1.056428e+00
8.827552e-01
-8.822426e-01
9.222919e-01
-9.933268e-01
-8.231209e-01
9.714080e-01
-9.349327e-01
-7.566110e-01
-1.052654e+00
-8.767496e-01
1.079558e+00
-9.879675e-01
-8.178111e-01
-9.293794e-01
-1.049982e+00
-7.551747e-01
-8.713260e-01
-9.804769e-01
-1.047429e+00
-8.126352e-01
-6.841558e-01
-9.217470e-01
1.020122e+00
-7.525931e-01
-8.658402e-01
9.113652e-01
-6.894552e-01
-1.045000e+00
-9.740238e-01
-8.070118e-01
-9.027698e-01
-8.642338e-01
9.652392e-01
-7.479184e-01
-6.175775e-01
-6.886099e-01
1.075782e+00
-8.311800e-01
-8.006116e-01
-6.356079e-01
-7.421642e-01
-6.829711e-01
-6.231672e-01
1.015591e+00
-7.338475e-01
-5.624843e-01
-7.591916e-01
9.035168e-01
-6.794645e-01
-6.173888e-01
9.600888e-01
-4.902706e-01
-5.556706e-01
-6.867387e-01
1.071769e+00
-4.920201e-01
-6.145455e-01
-5.517265e-01
-4.287787e-01
-4.911200e-01
-6.137563e-01
8.442016e-01
1.010891e+00
-4.257551e-01
-5.401861e-01
9.010223e-01
-4.949068e-01
-3.574720e-01
9.551268e-01
-4.264442e-01
-3.555471e-01
1.067646e+00
-4.659835e-01
-2.799613e-01
-3.552493e-01
-3.911263e-01
8.504940e-01
-2.801470e-01
1.005974e+00
7.936541e-01
8.942221e-01
-2.036702e-01
-3.156234e-01
9.493611e-01
-1.361933e-01
-2.035815e-01
-2.395228e-01
1.063517e+00
-1.282302e-01
-6.479372e-02
-1.629156e-01
8.234720e-01
1.000930e+00
-4.090783e-02
1.611795e-02
8.865932e-01
-8.593404e-02
9.429672e-01
7.431249e-01
2.589382e-02
9.512790e-02
-8.744670e-03
1.059466e+00
1.525013e-01
2.260890e-01
6.846637e-02
8.317886e-01
1.800689e-01
9.963865e-01
7.681860e-01
1.455108e-01
8.773849e-01
3.226200e-01
2.624015e-01
9.357484e-01
6.814191e-01
4.180635e-01
2.222163e-01
1.055554e+00
5.172573e-01
3.406298e-01
5.990641e-01
3.992392e-01
2.984418e-01
4.757663e-01
8.057464e-01
6.049273e-01
7.279851e-01
9.922994e-01
4.015140e-01
6.592005e-01
5.543101e-01
8.607209e-01
4.563617e-01
3.740867e-01
9.327172e-01
5.229390e-01
6.192195e-01
6.836888e-01
4.490933e-01
1.051824e+00
5.922566e-01
5.024562e-01
5.621143e-01
7.725806e-01
6.623945e-01
5.234445e-01
9.881118e-01
6.323101e-01
8.805553e-01
7.388859e-01
8.177531e-01
5.971560e-01
9.291642e-01
7.062747e-01
6.702684e-01
1.048301e+00
7.904555e-01
7.428375e-01
8.641755e-01
9.886253e-01
8.539012e-01
8.149273e-01
9.205114e-01
1.045000e+00
8.866039e-01
9.395630e-01
9.923541e-01
