
0 0 0.200692
1 0 0.203735
2 0 0.691568
3 0 0.185972
4 0 0.911736
5 0 0.184287
6 0 0.117751
7 0 0.346962
8 0 0.141443
9 0 0.541635
10 0 0.149597
11 0 0.598480
12 0 0.150566
13 0 0.601940
14 0 0.150937
15 0 0.603014
16 0 0.151408
17 0 0.604467
18 0 0.680972
19 0 0.152109
20 0 0.606729
21 0 0.153094
22 0 0.610039
23 0 0.154407
24 0 0.614595
25 0 0.523528
26 0 0.156085
27 0 0.620523
28 0 0.656586
29 0 0.628978
30 0 0.158169
31 0 0.627995
32 0 0.642827
33 0 0.160698
34 0 0.637178
35 0 0.646025
36 0 0.163702
37 0 0.648203
38 0 0.647557
39 0 0.167224
40 0 0.661221
41 0 0.648976
42 0 0.171323
43 0 0.676303
44 0 0.651375
45 0 0.176773
46 0 0.693619
47 0 0.655071
48 0 0.190165
49 0 0.716623
50 0 0.447648
51 0 0.660269
52 0 0.239218
53 0 0.787703
54 0 0.582420
55 0 0.667158
56 0 0.249373
57 0 1.206246
58 0 0.632486
59 0 0.627880
60 0 0.675933
61 0 0.156658
62 0 0.691356
63 0 0.863149
64 0 0.639066
65 0 0.686826
66 0 0.639323
67 0 0.700040
68 0 0.285815
69 0 0.285796
70 0 0.974879
71 0 0.259647
72 0 1.271584
73 0 0.640244
74 0 0.715790
75 0 0.309876
76 0 0.261064
77 0 0.174800
78 0 0.506173
79 0 0.642481
80 0 0.734226
81 0 0.660973
82 0 0.215706
83 0 0.812658
84 0 0.646195
85 0 0.755026
86 0 0.234866
87 0 0.925251
88 0 0.502822
89 0 0.651608
90 0 0.784159
91 0 0.243279
92 0 0.959211
93 0 0.616756
94 0 0.658950
95 0 1.022058
96 0 0.250290
97 0 0.987931
98 0 0.628455
99 0 0.668474
100 0 1.397856
101 0 0.256766
102 0 1.014718
103 0 0.644701
104 0 0.624420
105 0 0.680431
106 0 0.646438
107 0 0.269396
108 0 0.985885
109 0 0.262787
110 0 1.039715
111 0 0.622887
112 0 0.695208
113 0 0.268337
114 0 1.062886
115 0 0.623335
116 0 0.713349
117 0 0.273396
118 0 1.084135
119 0 0.625329
120 0 0.736223
121 0 0.780438
122 0 0.277948
123 0 1.103364
124 0 0.644429
125 0 0.628967
126 0 0.772497
127 0 1.016861
128 0 0.281991
129 0 1.120550
130 0 0.886435
131 0 0.428559
132 0 0.634495
133 0 0.879911
134 0 1.032210
135 0 0.285538
136 0 1.135710
137 0 0.651117
138 0 0.617901
139 0 0.642219
140 0 1.071532
141 0 0.773537
142 0 0.288601
143 0 1.148899
144 0 0.610386
145 0 0.652460
146 0 1.105529
147 0 0.291225
148 0 1.160241
149 0 1.019904
150 0 0.605252
151 0 0.665612
152 0 0.632079
153 0 1.135934
154 0 0.293496
155 0 1.169793
156 0 0.603702
157 0 0.639085
158 0 0.682208
159 0 1.163963
160 0 0.296618
161 0 1.177764
162 0 0.603823
163 0 0.703050
164 0 1.189656
165 0 0.310982
166 0 1.189587
167 0 0.236697
168 0 0.605503
169 0 0.730862
170 0 0.703638
171 0 1.212879
172 0 0.379293
173 0 1.272415
174 0 0.608976
175 0 0.789499
176 0 0.944254
177 0 1.233592
178 0 0.623496
179 0 0.384363
180 0 1.886844
181 0 0.411957
182 0 0.601225
183 0 0.614587
184 0 1.062862
185 0 1.251806
186 0 0.958197
187 0 1.016908
188 0 0.236836
189 0 1.037953
190 0 0.589226
191 0 0.622701
192 0 1.335105
193 0 1.111336
194 0 1.267599
195 0 0.604564
196 0 0.586371
197 0 0.633736
198 0 1.152801
199 0 1.145913
200 0 1.281148
201 0 0.584232
202 0 0.648238
203 0 1.177367
204 0 0.226577
205 0 1.292716
206 0 0.582634
207 0 0.613806
208 0 0.666639
209 0 1.206277
210 0 0.485494
211 0 1.302452
212 0 0.608654
213 0 0.972403
214 0 0.582213
215 0 0.689307
216 0 1.232407
217 0 1.309482
218 0 0.583407
219 0 0.731533
220 0 0.815555
221 0 1.255644
222 0 1.321569
223 0 0.863762
224 0 0.586612
225 0 1.037058
226 0 0.383258
227 0 1.046350
228 0 1.275987
229 0 1.657773
230 0 0.515857
231 0 0.592232
232 0 0.518940
233 0 0.601309
234 0 1.111667
235 0 1.293535
236 0 2.228164
237 0 0.560011
238 0 0.600743
239 0 0.917345
240 0 1.145600
241 0 1.308495
242 0 1.008183
243 0 0.564393
244 0 0.427771
245 0 0.612702
246 0 0.583088
247 0 1.179289
248 0 1.321264
249 0 0.721803
250 0 0.562015
251 0 0.628464
252 0 1.211490
253 0 1.332750
254 0 0.559529
255 0 0.647729
256 0 1.240777
257 0 1.345099
258 0 0.595635
259 0 0.558286
260 0 0.672289
261 0 0.586628
262 0 1.266751
263 0 0.961729
264 0 1.372323
265 0 0.558835
266 0 0.743912
267 0 0.745214
268 0 1.280074
269 0 1.289403
270 0 1.510516
271 0 0.561632
272 0 0.193699
273 0 0.434514
274 0 1.084089
275 0 1.111757
276 0 1.308811
277 0 0.532032
278 0 0.567187
279 0 1.236229
280 0 0.574346
281 0 1.145006
282 0 1.325192
283 0 0.545817
284 0 0.582206
285 0 0.576080
286 0 1.691370
287 0 1.179175
288 0 1.338955
289 0 0.907365
290 0 0.542381
291 0 0.588811
292 0 1.214951
293 0 1.016008
294 0 1.350919
295 0 0.804907
296 0 0.577520
297 0 0.537748
298 0 0.605287
299 0 1.247889
300 0 1.362211
301 0 0.533982
302 0 0.625249
303 0 1.277077
304 0 1.376546
305 0 0.342635
306 0 0.233972
307 0 0.531698
308 0 0.656867
309 0 0.579085
310 0 1.302384
311 0 1.433027
312 0 0.741381
313 0 0.780601
314 0 0.531365
315 0 0.567539
316 0 0.942483
317 0 0.731104
318 0 1.102557
319 0 1.323932
320 0 0.533543
321 0 0.368686
322 0 0.610004
323 0 1.763512
324 0 1.129638
325 0 1.341946
326 0 0.524424
327 0 0.538871
328 0 1.028098
329 0 1.174469
330 0 1.356817
331 0 0.597920
332 0 0.524071
333 0 0.547979
334 0 1.451729
335 0 1.217065
336 0 1.369200
337 0 0.564830
338 0 0.517154
339 0 0.561123
340 0 0.433504
341 0 1.254837
342 0 0.887353
343 0 1.379568
344 0 0.510858
345 0 0.578362
346 0 0.985139
347 0 1.078166
348 0 1.287905
349 0 0.551117
350 0 1.387271
351 0 0.505645
352 0 0.603296
353 0 1.316365
354 0 1.415321
355 0 0.656486
356 0 0.501987
357 0 1.496824
358 0 0.232062
359 0 1.340423
360 0 1.885228
361 0 0.942099
362 0 0.725541
363 0 0.563678
364 0 0.500482
365 0 1.012728
366 0 1.360314
367 0 0.949092
368 0 0.344819
369 0 0.547576
370 0 0.919695
371 0 0.485512
372 0 0.501779
373 0 0.792603
374 0 1.152120
375 0 1.376481
376 0 0.504177
377 0 0.506594
378 0 1.216137
379 0 1.389502
380 0 1.017640
381 0 0.497683
382 0 0.515533
383 0 0.512754
384 0 1.261492
385 0 1.399649
386 0 2.038988
387 0 0.489175
388 0 0.529038
389 0 0.548540
390 0 1.299439
391 0 1.405212
392 0 0.446980
393 0 0.481118
394 0 0.549446
395 0 0.864729
396 0 1.331714
397 0 1.405719
398 0 0.769928
399 0 0.474075
400 0 0.584610
401 0 0.968267
402 0 0.527373
403 0 1.358724
404 0 1.454773
405 0 0.650407
406 0 0.468651
407 0 1.971770
408 0 1.380830
409 0 0.863796
410 0 0.718530
411 0 0.465534
412 0 0.218126
413 0 0.300754
414 0 1.119986
415 0 0.463205
416 0 1.398486
417 0 0.549115
418 0 0.468969
419 0 1.089391
420 0 0.465507
421 0 1.214806
422 0 0.529495
423 0 0.900049
424 0 1.412286
425 0 0.478476
426 0 0.469353
427 0 1.268205
428 0 1.422670
429 0 0.468999
430 0 0.477835
431 0 1.037762
432 0 1.311767
433 0 1.428423
434 0 0.535407
435 0 0.458434
436 0 1.516851
437 0 0.492924
438 0 1.348622
439 0 1.426873
440 0 0.533298
441 0 0.448125
442 0 0.519624
443 0 1.379174
444 0 0.454923
445 0 1.429805
446 0 0.840898
447 0 0.565018
448 0 0.438760
449 0 0.961758
450 0 1.501656
451 0 1.403862
452 0 0.956393
453 0 1.515363
454 0 0.507302
455 0 0.646186
456 0 0.431033
457 0 1.423256
458 0 0.809284
459 0 1.267654
460 0 0.425720
461 0 0.297569
462 0 0.476627
463 0 1.206728
464 0 1.438031
465 0 0.222749
466 0 0.455005
467 0 0.423716
468 0 0.535318
469 0 1.178503
470 0 1.275900
471 0 1.448746
472 0 0.747185
473 0 0.449825
474 0 0.426005
475 0 0.512892
476 0 0.880757
477 0 1.325139
478 0 1.454844
479 0 0.437633
480 0 0.434456
481 0 1.367369
482 0 1.454585
483 0 0.424567
484 0 0.452715
485 0 1.022027
486 0 0.466976
487 0 2.100674
488 0 1.402182
489 0 1.453220
490 0 0.411448
491 0 0.484641
492 0 1.491862
493 0 1.429932
494 0 0.519059
495 0 0.543047
496 0 0.399113
497 0 0.460819
498 0 2.014368
499 0 0.813957
500 0 1.451331
501 0 0.813260
502 0 0.388340
503 0 0.784112
504 0 0.942848
505 0 0.487383
506 0 1.158794
507 0 1.467204
508 0 0.674683
509 0 0.285611
510 0 1.737172
511 0 0.379974
512 0 0.437260
513 0 0.407639
514 0 1.278671
515 0 1.478284
516 0 0.427803
517 0 0.375121
518 0 1.339379
519 0 0.194344
520 0 1.484592
521 0 1.055801
522 0 0.522265
523 0 0.417732
524 0 0.375602
525 0 1.388147
526 0 1.485117
527 0 0.498564
528 0 0.859818
529 0 0.403472
530 0 0.384814
531 0 1.428198
532 0 1.482538
533 0 0.387234
534 0 0.406357
535 0 1.459679
536 0 1.567443
537 0 1.491824
538 0 1.014500
539 0 0.469560
540 0 0.370586
541 0 0.442196
542 0 1.543653
543 0 1.483425
544 0 0.354434
545 0 0.601048
546 0 0.505747
547 0 1.548615
548 0 1.500497
549 0 0.471264
550 0 0.756791
551 0 1.078041
552 0 0.339572
553 0 0.781769
554 0 0.736744
555 0 0.280662
556 0 1.242403
557 0 1.511918
558 0 0.372669
559 0 0.932285
560 0 0.327004
561 0 0.478703
562 0 0.398729
563 0 1.353329
564 0 1.518165
565 0 0.395192
566 0 0.318380
567 0 1.411362
568 0 1.518839
569 0 0.384688
570 0 0.316834
571 0 0.169153
572 0 1.162983
573 0 0.483856
574 0 1.457826
575 0 0.509918
576 0 1.515632
577 0 0.366424
578 0 0.327107
579 0 0.485542
580 0 0.836202
581 0 1.493874
582 0 1.517085
583 0 0.346056
584 0 0.356536
585 0 1.520386
586 0 1.536438
587 0 0.324969
588 0 2.149154
589 0 0.432846
590 0 1.017372
591 0 0.467848
592 0 1.605660
593 0 1.538786
594 0 0.303880
595 0 1.550443
596 0 0.842788
597 0 1.254304
598 0 0.493109
599 0 0.283568
600 0 0.314852
601 0 1.357052
602 0 0.521966
603 0 1.556290
604 0 0.513348
605 0 0.742319
606 0 0.618562
607 0 0.374786
608 0 0.265319
609 0 1.871138
610 0 1.436479
611 0 0.457917
612 0 1.556596
613 0 0.464630
614 0 0.924247
615 0 0.369964
616 0 0.251600
617 0 1.491243
618 0 1.552651
619 0 0.349415
620 0 0.246329
621 0 1.533383
622 0 1.549448
623 0 1.078949
624 0 0.134089
625 0 0.468880
626 0 0.325893
627 0 0.253602
628 0 0.498324
629 0 1.563334
630 0 1.550567
631 0 0.300594
632 0 0.281498
633 0 0.472100
634 0 0.809501
635 0 1.589037
636 0 1.583149
637 0 0.273996
638 0 1.594835
639 0 0.345863
640 0 2.004786
641 0 1.026153
642 0 0.439651
643 0 0.246537
644 0 1.778985
645 0 0.848003
646 0 1.599872
647 0 1.378295
648 0 1.097829
649 0 0.218964
650 0 0.255650
651 0 0.414984
652 0 1.452123
653 0 1.599146
654 0 0.481176
655 0 0.358388
656 0 0.192963
657 0 0.512783
658 0 0.322817
659 0 0.696045
660 0 1.526059
661 0 0.458575
662 0 1.594139
663 0 0.612698
664 0 0.336370
665 0 0.171505
666 0 0.447997
667 0 0.921457
668 0 1.578853
669 0 1.589625
670 0 0.310152
671 0 0.157950
672 0 1.613615
673 0 1.587427
674 0 0.281685
675 0 0.154649
676 0 1.167152
677 0 0.391466
678 0 0.089012
679 0 1.635041
680 0 1.575604
681 0 0.487641
682 0 0.250645
683 0 0.204929
684 0 1.646438
685 0 1.851256
686 0 0.459444
687 0 0.782683
688 0 0.217176
689 0 1.650092
690 0 0.956035
691 0 0.181438
692 0 2.078481
693 0 1.352423
694 0 1.647486
695 0 1.066213
696 0 0.418190
697 0 0.233180
698 0 1.282151
699 0 0.144149
700 0 0.347792
701 0 0.334338
702 0 1.549495
703 0 1.640317
704 0 0.323014
705 0 0.107036
706 0 0.470319
707 0 1.630755
708 0 1.633481
709 0 0.522890
710 0 1.428247
711 0 0.297781
712 0 0.184624
713 0 0.072675
714 0 0.675633
715 0 0.262490
716 0 1.673008
717 0 1.635254
718 0 0.267973
719 0 0.435038
720 0 0.921582
721 0 0.043895
722 0 1.696339
723 0 1.662829
724 0 0.233964
725 0 0.018747
726 0 1.706971
727 0 1.799135
728 0 1.257553
729 0 0.394196
730 0 0.196071
731 0 0.019127
732 0 1.708376
733 0 0.478015
734 0 0.154061
735 0 -0.007646
736 0 0.448337
737 0 0.740480
738 0 1.702834
739 0 1.202716
740 0 0.107613
741 0 1.894956
742 0 0.220807
743 0 1.572006
744 0 1.692302
745 0 2.106036
746 0 0.284527
747 0 1.632421
748 0 0.056903
749 0 0.320627
750 0 0.410717
751 0 1.109627
752 0 1.698557
753 0 1.680565
754 0 0.285674
755 0 0.002634
756 0 1.745442
757 0 1.673285
758 0 0.460650
759 0 0.258772
760 0 -0.055346
761 0 1.527926
762 0 -0.100836
763 0 1.769579
764 0 0.397114
765 0 0.525613
766 0 1.674529
767 0 0.539972
768 0 -0.141587
769 0 0.223540
770 0 -0.126690
771 0 1.778589
772 0 1.726034
773 0 0.424397
774 0 0.923329
775 0 0.183057
776 0 -0.415329
777 0 1.776598
778 0 0.137104
779 0 1.850440
780 0 1.281990
781 0 0.392906
782 0 1.766806
783 0 -0.025694
784 0 0.684439
785 0 0.634976
786 0 0.084558
787 0 0.469586
788 0 1.751651
789 0 1.195014
790 0 1.788618
791 0 -0.221388
792 0 0.024146
793 0 0.438613
794 0 0.247385
795 0 1.791337
796 0 1.734341
797 0 0.277771
798 0 -0.046528
799 0 1.654144
800 0 2.521707
801 0 2.107172
802 0 1.837322
803 0 0.362791
804 0 1.718852
805 0 0.399168
806 0 1.240058
807 0 0.254249
808 0 -0.131213
809 0 1.858081
810 0 1.702675
811 0 -0.042120
812 0 0.218713
813 0 -0.240948
814 0 1.864044
815 0 0.452330
816 0 1.672743
817 0 -0.430877
818 0 1.439150
819 0 0.377899
820 0 0.177274
821 0 0.528647
822 0 1.857026
823 0 1.950086
824 0 0.129695
825 0 0.414226
826 0 1.049192
827 0 1.841216
828 0 0.074507
829 0 1.069644
830 0 1.819800
831 0 0.009325
832 0 1.460591
833 0 0.368307
834 0 1.217971
835 0 1.795927
836 0 1.909520
837 0 0.462470
838 0 1.633924
839 0 -0.070719
840 0 -0.152541
841 0 0.195020
842 0 0.330557
843 0 1.933197
844 0 1.773475
845 0 0.430278
846 0 0.249107
847 0 -0.186431
848 0 1.961640
849 0 1.755305
850 0 0.707707
851 0 1.801766
852 0 0.356876
853 0 0.218101
854 0 -0.326152
855 0 2.129702
856 0 1.966151
857 0 0.386447
858 0 1.798683
859 0 1.764820
860 0 0.177355
861 0 -0.746574
862 0 1.952467
863 0 1.817645
864 0 0.130099
865 0 0.445441
866 0 1.144911
867 0 1.934478
868 0 0.313635
869 0 1.928224
870 0 0.534374
871 0 0.075276
872 0 1.898285
873 0 0.405845
874 0 0.010166
875 0 1.955528
876 0 1.866135
877 0 1.374132
878 0 -0.071206
879 0 1.879146
880 0 1.835469
881 0 0.180618
882 0 1.958863
883 0 0.352318
884 0 2.142796
885 0 2.671669
886 0 -0.200425
887 0 0.226120
888 0 0.304816
889 0 2.064758
890 0 0.456738
891 0 1.808580
892 0 0.218569
893 0 -0.618055
894 0 0.423628
895 0 2.087250
896 0 1.808190
897 0 0.181775
898 0 2.491356
899 0 1.660109
900 0 2.066119
901 0 2.327786
902 0 2.152573
903 0 0.136294
904 0 0.379039
905 0 2.030438
906 0 0.083737
907 0 1.527108
908 0 1.988972
909 0 3.375987
910 0 0.440087
911 0 0.022310
912 0 0.323281
913 0 0.539315
914 0 1.946135
915 0 -0.053698
916 0 1.905593
917 0 0.399931
918 0 1.796414
919 0 -0.174591
920 0 0.211749
921 0 2.189011
922 0 1.868725
923 0 0.224602
924 0 -0.516640
925 0 2.965096
926 0 0.352238
927 0 2.238063
928 0 1.834407
929 0 1.132547
930 0 0.190348
931 0 0.452487
932 0 2.202876
933 0 1.839215
934 0 0.316479
935 0 0.146517
936 0 0.418792
937 0 2.150728
938 0 1.829620
939 0 0.096889
940 0 2.163950
941 0 2.093767
942 0 1.963012
943 0 0.375244
944 0 0.040408
945 0 5.115953
946 0 2.037078
947 0 -0.025607
948 0 0.436383
949 0 1.984310
950 0 0.330401
951 0 -0.113292
952 0 0.543178
953 0 1.937232
954 0 1.787124
955 0 2.970624
956 0 1.028962
957 0 -0.356904
958 0 -0.234117
959 0 2.114492
960 0 0.164419
961 0 0.395880
962 0 2.407490
963 0 1.891158
964 0 0.198560
965 0 0.283674
966 0 2.366963
967 0 1.862164
968 0 0.159261
969 0 0.350709
970 0 3.392406
971 0 2.291696
972 0 0.449798
973 0 1.821911
974 0 0.112686
975 0 2.214432
976 0 0.415656
977 0 0.301801
978 0 0.060603
979 0 1.701377
980 0 2.139951
981 0 0.002493
982 0 2.169530
983 0 2.707431
984 0 0.372103
985 0 2.072103
986 0 -0.063032
987 0 2.013240
988 0 0.974738
989 0 -0.135732
990 0 0.434329
991 0 2.659739
992 0 0.324181
993 0 1.958942
994 0 2.607913
995 0 -0.308735
996 0 0.560398
997 0 0.161425
998 0 0.191006
999 0 2.552238
1000 0 1.920846
1001 0 0.393478
1002 0 0.172120
1003 0 2.453835
1004 0 0.241844
1005 0 2.399116
1006 0 0.129764
1007 0 2.351568
1008 0 0.347320
1009 0 4.258287
1010 0 0.081593
1011 0 1.196743
1012 0 2.255182
1013 0 0.448676
1014 0 0.028498
1015 0 0.414345
1016 0 2.168796
1017 0 0.289957
1018 0 1.640654
1019 0 -0.028497
1020 0 2.095376
1021 0 2.369909
1022 0 -0.090244
1023 0 0.370280
1024 0 2.032527
1025 0 1.063916
1026 0 3.018513
1027 0 -0.194203
1028 0 2.772513
1029 0 1.966092
1030 0 0.179723
1031 0 0.433970
1032 0 0.320469
1033 0 0.189659
1034 0 0.606744
1035 0 2.640443
1036 0 1.909227
1037 0 0.146649
1038 0 2.505349
1039 0 0.392984
1040 0 0.102908
1041 0 0.254413
1042 0 2.382027
1043 0 1.805813
1044 0 4.276567
1045 0 0.053412
1046 0 0.346103
1047 0 2.273567
1048 0 0.000239
1049 0 0.449141
1050 0 2.182431
1051 0 -0.053860
1052 0 0.414874
1053 0 0.292351
1054 0 2.108611
1055 0 1.790630
1056 0 2.483062
1057 0 2.040245
1058 0 3.127056
1059 0 1.093768
1060 0 0.370687
1061 0 -0.111182
1062 0 0.137694
1063 0 2.898249
1064 0 1.960284
1065 0 0.150516
1066 0 0.217798
1067 0 2.681719
1068 0 0.435325
1069 0 0.321234
1070 0 0.123654
1071 0 1.890881
1072 0 0.634016
1073 0 2.518747
1074 0 0.078690
1075 0 0.394540
1076 0 2.384338
1077 0 0.265133
1078 0 0.027197
1079 0 -0.113028
1080 0 4.335690
1081 0 1.888977
1082 0 2.272822
1083 0 -0.027250
1084 0 0.347679
1085 0 2.184201
1086 0 0.451201
1087 0 -0.093410
1088 0 2.111374
1089 0 0.417276
1090 0 0.296840
1091 0 2.034620
1092 0 3.402219
1093 0 2.037178
1094 0 2.510078
1095 0 0.152719
1096 0 1.138299
1097 0 0.373436
1098 0 2.885174
1099 0 1.955991
1100 0 0.145643
1101 0 2.661745
1102 0 0.241629
1103 0 0.105703
1104 0 0.438376
1105 0 0.324400
1106 0 2.497160
1107 0 1.924216
1108 0 0.619168
1109 0 0.056247
1110 0 2.363740
1111 0 -0.131513
1112 0 0.398168
1113 0 0.001688
1114 0 0.275909
1115 0 2.258056
1116 0 -0.059298
1117 0 4.689502
1118 0 1.962960
1119 0 2.176050
1120 0 0.351755
1121 0 0.454822
1122 0 2.101279
1123 0 2.545364
1124 0 0.421524
1125 0 0.301645
1126 0 2.849763
1127 0 2.019233
1128 0 -0.123426
1129 0 0.117590
1130 0 0.231049
1131 0 2.780596
1132 0 2.462157
1133 0 2.100366
1134 0 0.132826
1135 0 1.955270
1136 0 1.182837
1137 0 0.378459
1138 0 2.605494
1139 0 0.087275
1140 0 0.267651
1141 0 2.450527
1142 0 0.443086
1143 0 0.329765
1144 0 0.034811
1145 0 1.925038
1146 0 0.580025
1147 0 2.327557
1148 0 -0.023605
1149 0 2.233732
1150 0 0.403804
1151 0 -0.171419
1152 0 0.278960
1153 0 2.157501
1154 0 -0.087553
1155 0 1.934605
1156 0 0.358282
1157 0 2.078924
1158 0 4.019035
1159 0 2.841398
1160 0 0.459967
1161 0 2.885648
1162 0 1.999907
1163 0 0.130749
1164 0 0.427555
1165 0 0.154529
1166 0 0.307483
1167 0 2.706257
1168 0 0.340720
1169 0 0.119465
1170 0 -0.154643
1171 0 2.063309
1172 0 2.204844
1173 0 1.934794
1174 0 2.527719
1175 0 0.982933
1176 0 4.213525
1177 0 0.385678
1178 0 0.069207
1179 0 2.388289
1180 0 0.245990
1181 0 0.013513
1182 0 0.449391
1183 0 2.282649
1184 0 0.337660
1185 0 1.849882
1186 0 0.567107
1187 0 -0.044361
1188 0 2.202014
1189 0 0.411371
1190 0 0.284490
1191 0 -0.227515
1192 0 2.128731
1193 0 -0.096140
1194 0 2.087998
1195 0 2.050134
1196 0 2.057216
1197 0 0.367232
1198 0 0.115216
1199 0 2.694742
1200 0 0.198815
1201 0 0.466561
1202 0 3.606724
1203 0 1.978105
1204 0 0.147331
1205 0 2.577758
1206 0 0.435292
1207 0 0.316251
1208 0 0.106724
1209 0 3.832133
1210 0 2.433032
1211 0 -0.190509
1212 0 0.049848
1213 0 1.923690
1214 0 0.934281
1215 0 2.328557
1216 0 0.394992
1217 0 2.319306
1218 0 -0.023285
1219 0 0.272102
1220 0 3.060295
1221 0 2.233499
1222 0 0.457206
1223 0 0.348340
1224 0 1.964605
1225 0 2.163865
1226 0 0.587891
1227 0 2.094305
1228 0 0.420754
1229 0 0.293059
1230 0 -0.285735
1231 0 1.743963
1232 0 3.180868
1233 0 2.019885
1234 0 -0.116478
1235 0 0.117140
1236 0 2.519990
1237 0 0.215962
1238 0 0.378521
1239 0 0.143307
1240 0 1.947738
1241 0 2.147403
1242 0 0.474516
1243 0 2.445816
1244 0 0.100313
1245 0 0.276568
1246 0 0.444623
1247 0 3.618896
1248 0 0.328381
1249 0 2.338053
1250 0 0.786369
1251 0 0.042567
1252 0 -0.245440
1253 0 1.906876
1254 0 2.250079
1255 0 2.379879
1256 0 2.896937
1257 0 0.406267
1258 0 0.256864
1259 0 2.181350
1260 0 -0.029185
1261 0 2.121136
1262 0 1.956620
1263 0 0.466425
1264 0 0.361927
1265 0 0.619201
1266 0 2.066905
1267 0 1.836098
1268 0 -0.384315
1269 0 2.257954
1270 0 0.431822
1271 0 0.305675
1272 0 1.992951
1273 0 0.137887
1274 0 0.166793
1275 0 2.403180
1276 0 0.250137
1277 0 -0.130303
1278 0 2.646041
1279 0 0.148706
1280 0 0.392000
1281 0 2.333491
1282 0 1.890042
1283 0 2.067517
1284 0 0.103942
1285 0 0.563023
1286 0 2.543030
1287 0 0.483731
1288 0 2.249746
1289 0 -0.374506
1290 0 0.455414
1291 0 0.345276
1292 0 0.050374
1293 0 2.181296
1294 0 1.811122
1295 0 2.999442
1296 0 2.542737
1297 0 2.120490
1298 0 0.419320
1299 0 0.288246
1300 0 -0.266436
1301 0 2.070757
1302 0 1.727810
1303 0 -0.015945
1304 0 -0.104288
1305 0 0.476923
1306 0 0.378211
1307 0 2.081219
1308 0 1.955094
1309 0 0.630084
1310 0 2.346379
1311 0 0.187101
1312 0 1.946539
1313 0 0.198714
1314 0 0.444409
1315 0 0.330835
1316 0 0.419786
1317 0 1.879248
1318 0 2.315107
1319 0 3.201045
1320 0 0.159252
1321 0 2.232668
1322 0 -0.097417
1323 0 2.559660
1324 0 1.782173
1325 0 -0.330119
1326 0 0.407369
1327 0 0.288874
1328 0 0.117594
1329 0 2.166226
1330 0 0.494084
1331 0 -0.271558
1332 0 2.103602
1333 0 0.467518
1334 0 0.365793
1335 0 1.744459
1336 0 -0.076308
1337 0 0.070300
1338 0 2.020694
1339 0 2.542853
1340 0 2.456594
1341 0 0.433929
1342 0 1.960274
1343 0 0.323403
1344 0 0.311992
1345 0 1.418279
1346 0 1.879877
1347 0 2.683178
1348 0 2.023421
1349 0 1.581328
1350 0 0.488557
1351 0 0.396378
1352 0 0.014881
1353 0 0.167851
1354 0 2.234221
1355 0 2.472607
1356 0 0.613986
1357 0 0.195889
1358 0 0.260227
1359 0 1.671178
1360 0 -0.262979
1361 0 2.194239
1362 0 -0.060426
1363 0 0.458320
1364 0 0.356520
1365 0 0.177499
1366 0 2.135648
1367 0 -0.053675
1368 0 -0.235502
1369 0 0.219979
1370 0 1.036131
1371 0 1.731501
1372 0 0.141467
1373 0 2.082480
1374 0 0.424265
1375 0 2.411144
1376 0 0.315340
1377 0 0.505442
1378 0 2.000206
1379 0 -0.027442
1380 0 -0.213996
1381 0 0.480758
1382 0 0.387134
1383 0 1.749949
1384 0 1.845889
1385 0 0.103520
1386 0 1.917299
1387 0 2.377304
1388 0 0.134556
1389 0 0.697454
1390 0 1.972138
1391 0 -0.123480
1392 0 2.398703
1393 0 0.449853
1394 0 0.350348
1395 0 0.045252
1396 0 -0.019109
1397 0 1.432848
1398 0 2.193008
1399 0 0.371734
1400 0 0.215986
1401 0 2.072643
1402 0 0.062274
1403 0 0.501177
1404 0 0.415799
1405 0 0.238051
1406 0 -0.052476
1407 0 0.608479
1408 0 2.241645
1409 0 2.079550
1410 0 1.779073
1411 0 0.306087
1412 0 2.328971
1413 0 0.202500
1414 0 -0.086205
1415 0 2.048409
1416 0 0.473354
1417 0 0.380435
1418 0 0.020454
1419 0 -0.004801
1420 0 1.999595
1421 0 1.362378
1422 0 1.793179
1423 0 0.174965
1424 0 2.244245
1425 0 0.442403
1426 0 1.917134
1427 0 0.346298
1428 0 0.517659
1429 0 1.883179
1430 0 0.040751
1431 0 0.494959
1432 0 0.409059
1433 0 1.083453
1434 0 1.911239
1435 0 2.178847
1436 0 0.149287
1437 0 1.917304
1438 0 1.350772
1439 0 2.392282
1440 0 1.941635
1441 0 0.274385
1442 0 1.789866
1443 0 0.780212
1444 0 0.466852
1445 0 0.376830
1446 0 1.867378
1447 0 0.204625
1448 0 0.300430
1449 0 1.982082
1450 0 0.238892
1451 0 0.057810
1452 0 0.122605
1453 0 0.514614
1454 0 0.436285
1455 0 1.993563
1456 0 0.072286
1457 0 1.834533
1458 0 0.586252
1459 0 2.077573
1460 0 0.342731
1461 0 0.230379
1462 0 2.014823
1463 0 0.097623
1464 0 1.970603
1465 0 0.489299
1466 0 0.132121
1467 0 0.404691
1468 0 1.921998
1469 0 1.107112
1470 0 1.359003
1471 0 1.863112
1472 0 1.842353
1473 0 2.069298
1474 0 0.219121
1475 0 0.461525
1476 0 0.377173
1477 0 1.846427
1478 0 0.530589
1479 0 0.290548
1480 0 0.963086
1481 0 0.509929
1482 0 0.431893
1483 0 1.514327
1484 0 0.723969
1485 0 1.780984
1486 0 0.207630
1487 0 1.961258
1488 0 1.889187
1489 0 0.249157
1490 0 1.962789
1491 0 1.836964
1492 0 2.312550
1493 0 0.484685
1494 0 1.965687
1495 0 0.403605
1496 0 1.928949
1497 0 0.324211
1498 0 0.265200
1499 0 0.200925
1500 0 1.921096
1501 0 0.182097
1502 0 0.528712
1503 0 0.457645
1504 0 1.834865
1505 0 1.897095
1506 0 1.990403
1507 0 0.536639
1508 0 0.276142
1509 0 0.384373
1510 0 0.212174
1511 0 1.849205
1512 0 0.891487
1513 0 1.774772
1514 0 0.505940
1515 0 0.312005
1516 0 0.429609
1517 0 1.805512
1518 0 1.516356
1519 0 1.180445
1520 0 1.915587
1521 0 1.811747
1522 0 0.274686
1523 0 0.481369
1524 0 0.408483
1525 0 0.524989
1526 0 1.791637
1527 0 1.009213
1528 0 0.544091
1529 0 0.260517
1530 0 1.318576
1531 0 2.029449
1532 0 0.525488
1533 0 0.455467
1534 0 1.836964
1535 0 0.278170
1536 0 0.304597
1537 0 1.858783
1538 0 1.441174
1539 0 1.883176
1540 0 1.808801
1541 0 1.851503
1542 0 2.000777
1543 0 1.920652
1544 0 0.407655
1545 0 0.503105
1546 0 0.429474
1547 0 0.339178
1548 0 1.851514
1549 0 0.291426
1550 0 0.343644
1551 0 0.816136
1552 0 1.826682
1553 0 0.543307
1554 0 0.479587
1555 0 2.356501
1556 0 1.896636
1557 0 0.428833
1558 0 0.331946
1559 0 1.785649
1560 0 0.502836
1561 0 1.118959
1562 0 1.227914
1563 0 0.324140
1564 0 1.637861
1565 0 0.523070
1566 0 0.455009
1567 0 1.761732
1568 0 0.478580
1569 0 1.754525
1570 0 1.441340
1571 0 1.537053
1572 0 0.338133
1573 0 0.501658
1574 0 0.428378
1575 0 1.258687
1576 0 0.658036
1577 0 1.017235
1578 0 1.613909
1579 0 1.780635
1580 0 0.558009
1581 0 0.385063
1582 0 1.664810
1583 0 1.727315
1584 0 0.291810
1585 0 0.415792
1586 0 0.541449
1587 0 0.479511
1588 0 0.353385
1589 0 1.411605
1590 0 2.316037
1591 0 1.782686
1592 0 1.778053
1593 0 1.751422
1594 0 0.447480
1595 0 2.004035
1596 0 1.787557
1597 0 0.383668
1598 0 0.521878
1599 0 0.455227
1600 0 0.377310
1601 0 0.855528
1602 0 1.762952
1603 0 0.478880
1604 0 0.884274
1605 0 1.710125
1606 0 0.558239
1607 0 1.748677
1608 0 0.501811
1609 0 0.404592
1610 0 0.905579
1611 0 0.386968
1612 0 0.504208
1613 0 1.356909
1614 0 0.613439
1615 0 0.420410
1616 0 1.817285
1617 0 1.311628
1618 0 1.774409
1619 0 0.540482
1620 0 0.481114
1621 0 0.739069
1622 0 1.223590
1623 0 1.322448
1624 0 0.403804
1625 0 1.506507
1626 0 0.522134
1627 0 0.453369
1628 0 2.346786
1629 0 0.736381
1630 0 0.283840
1631 0 0.888662
1632 0 1.692848
1633 0 1.471546
1634 0 0.572216
1635 0 0.445493
1636 0 0.388827
1637 0 0.493033
1638 0 0.425312
1639 0 1.735508
1640 0 0.557650
1641 0 0.503748
1642 0 1.373128
1643 0 1.638490
1644 0 1.721424
1645 0 1.903169
1646 0 1.424027
1647 0 2.016127
1648 0 0.423461
1649 0 1.712658
1650 0 0.540790
1651 0 0.484338
1652 0 0.455444
1653 0 0.606519
1654 0 1.066613
1655 0 0.850752
1656 0 1.799568
1657 0 0.573373
1658 0 0.524033
1659 0 0.467055
1660 0 0.444771
1661 0 0.502163
1662 0 1.486221
1663 0 0.947098
1664 0 1.793558
1665 0 0.837402
1666 0 0.509004
1667 0 1.254902
1668 0 0.558004
1669 0 1.335254
1670 0 0.507699
1671 0 1.626833
1672 0 0.467182
1673 0 0.383103
1674 0 1.693455
1675 0 0.542566
1676 0 0.766154
1677 0 0.492402
1678 0 0.650706
1679 0 1.570791
1680 0 1.608373
1681 0 1.678957
1682 0 0.586578
1683 0 1.074193
1684 0 0.451757
1685 0 0.490928
1686 0 0.595157
1687 0 1.779902
1688 0 0.533716
1689 0 0.573924
1690 0 1.629552
1691 0 0.527785
1692 0 1.360142
1693 0 1.799301
1694 0 1.625554
1695 0 1.686316
1696 0 1.994671
1697 0 0.480132
1698 0 0.559629
1699 0 0.514470
1700 0 0.527987
1701 0 0.728230
1702 0 1.142623
1703 0 2.419748
1704 0 0.588564
1705 0 0.545977
1706 0 0.510096
1707 0 0.502726
1708 0 0.496206
1709 0 1.574541
1710 0 0.896680
1711 0 1.079992
1712 0 1.516185
1713 0 1.359319
1714 0 1.618541
1715 0 1.228513
1716 0 0.588823
1717 0 0.575406
1718 0 1.640874
1719 0 0.533711
1720 0 0.524893
1721 0 0.355409
1722 0 0.806891
1723 0 0.566127
1724 0 1.660215
1725 0 1.594236
1726 0 0.562683
1727 0 1.654835
1728 0 0.524940
1729 0 1.623390
1730 0 0.855363
1731 0 0.510117
1732 0 1.038697
1733 0 0.601004
1734 0 0.551661
1735 0 1.496850
1736 0 0.675646
1737 0 0.590086
1738 0 0.551210
1739 0 1.276154
1740 0 0.495735
1741 0 1.677504
1742 0 1.788777
1743 0 1.609013
1744 0 0.532949
1745 0 1.971077
1746 0 0.578049
1747 0 0.883436
1748 0 0.542311
1749 0 0.595764
1750 0 1.152363
1751 0 0.788342
1752 0 0.554910
1753 0 0.603725
1754 0 0.567315
1755 0 0.994180
1756 0 0.534576
1757 0 1.529840
1758 0 0.490014
1759 0 0.956514
1760 0 1.517016
1761 0 1.537400
1762 0 1.248278
1763 0 1.617726
1764 0 0.447108
1765 0 1.191432
1766 0 0.592274
1767 0 0.647860
1768 0 0.558528
1769 0 1.674180
1770 0 0.577306
1771 0 1.529899
1772 0 0.549110
1773 0 0.745345
1774 0 2.145135
1775 0 1.689442
1776 0 0.582004
1777 0 0.553890
1778 0 1.546511
1779 0 0.976883
1780 0 1.422290
1781 0 0.555228
1782 0 1.144022
1783 0 0.615562
1784 0 0.612183
1785 0 0.806558
1786 0 0.605738
1787 0 0.573620
1788 0 1.202509
1789 0 0.551567
1790 0 1.586352
1791 0 0.578832
1792 0 1.947435
1793 0 0.595039
1794 0 1.153783
1795 0 0.851906
1796 0 0.568433
1797 0 0.667956
1798 0 0.948862
1799 0 1.399520
1800 0 1.512129
1801 0 0.601323
1802 0 0.619111
1803 0 0.587379
1804 0 0.570920
1805 0 1.248895
1806 0 1.548162
1807 0 1.496521
1808 0 0.408429
1809 0 0.483921
1810 0 0.756847
1811 0 1.121113
1812 0 1.549823
1813 0 1.655273
1814 0 1.851512
1815 0 0.819257
1816 0 1.185034
1817 0 0.753846
1818 0 0.607425
1819 0 0.627934
1820 0 0.581832
1821 0 0.532452
1822 0 0.564636
1823 0 1.468881
1824 0 0.599349
1825 0 0.581932
1826 0 1.136715
1827 0 0.832940
1828 0 1.575891
1829 0 0.592696
1830 0 0.632803
1831 0 0.672335
1832 0 0.620212
1833 0 0.594056
1834 0 0.595025
1835 0 1.336544
1836 0 0.858558
1837 0 0.621767
1838 0 1.570193
1839 0 1.924984
1840 0 0.909773
1841 0 1.099848
1842 0 1.415380
1843 0 0.608027
1844 0 0.593092
1845 0 0.840974
1846 0 1.413169
1847 0 1.461681
1848 0 0.732858
1849 0 1.637528
1850 0 0.644287
1851 0 0.833572
1852 0 1.050973
1853 0 1.634910
1854 0 1.850539
1855 0 0.495942
1856 0 0.637754
1857 0 0.605373
1858 0 0.598883
1859 0 1.535540
1860 0 0.477446
1861 0 1.091516
1862 0 1.553871
1863 0 0.880122
1864 0 0.611001
1865 0 0.800760
1866 0 0.676989
1867 0 0.620341
1868 0 1.156098
1869 0 0.602781
1870 0 0.626793
1871 0 0.962536
1872 0 0.615384
1873 0 0.608698
1874 0 0.641359
1875 0 1.551667
1876 0 1.538706
1877 0 0.817385
1878 0 0.686951
1879 0 0.724849
1880 0 0.632153
1881 0 0.611475
1882 0 0.612831
1883 0 0.894680
1884 0 0.660092
1885 0 0.880597
1886 0 1.195526
1887 0 1.300758
1888 0 1.502150
1889 0 1.549608
1890 0 1.898717
1891 0 1.554004
1892 0 1.386678
1893 0 1.062485
1894 0 0.615956
1895 0 0.618440
1896 0 0.945466
1897 0 1.387719
1898 0 0.788257
1899 0 1.600448
1900 0 1.056701
1901 0 0.683515
1902 0 1.538237
1903 0 0.627657
1904 0 0.449445
1905 0 0.666708
1906 0 0.625770
1907 0 0.625440
1908 0 1.585005
1909 0 1.504004
1910 0 0.470417
1911 0 0.830033
1912 0 0.666183
1913 0 0.889685
1914 0 0.720993
1915 0 0.649469
1916 0 0.621826
1917 0 1.087538
1918 0 0.579305
1919 0 0.674004
1920 0 1.045776
1921 0 0.654698
1922 0 0.645637
1923 0 1.493067
1924 0 0.676024
1925 0 1.510717
1926 0 0.988292
1927 0 0.783813
1928 0 0.681465
1929 0 0.848139
1930 0 1.343766
1931 0 1.166271
1932 0 1.542837
1933 0 1.302041
1934 0 0.631793
1935 0 0.634426
1936 0 0.644388
1937 0 0.688631
1938 0 0.878825
1939 0 1.356634
1940 0 1.692838
1941 0 1.523661
1942 0 1.387854
1943 0 1.869732
1944 0 0.812638
1945 0 1.116263
1946 0 0.686280
1947 0 1.081717
1948 0 0.656865
1949 0 0.545132
1950 0 0.716813
1951 0 1.045634
1952 0 0.978011
1953 0 0.704244
1954 0 1.472751
1955 0 1.108278
1956 0 0.694199
1957 0 0.681504
1958 0 1.482952
1959 0 1.470178
1960 0 0.463145
1961 0 0.769290
1962 0 0.687097
1963 0 0.703169
1964 0 0.759365
1965 0 0.753964
1966 0 0.673620
1967 0 1.111644
1968 0 0.664348
1969 0 0.793493
1970 0 0.692556
1971 0 1.104968
1972 0 0.810523
1973 0 0.723888
1974 0 0.825112
1975 0 1.505640
1976 0 1.250308
1977 0 1.448073
1978 0 1.451022
1979 0 0.852141
1980 0 1.331048
1981 0 1.261315
1982 0 1.051352
1983 0 1.724166
1984 0 0.717627
1985 0 1.219280
1986 0 0.748426
1987 0 0.958158
1988 0 1.499270
1989 0 0.692658
1990 0 1.507791
1991 0 0.521375
1992 0 0.863169
1993 0 1.840215
1994 0 0.961384
1995 0 1.091087
1996 0 0.768307
1997 0 1.222980
1998 0 0.752175
1999 0 0.704703
2000 0 0.678016
2001 0 1.238011
2002 0 1.420038
2003 0 0.949895
2004 0 1.058813
2005 0 1.345165
2006 0 0.780666
2007 0 1.464013
2008 0 1.440639
2009 0 0.456329
2010 0 0.721189
2011 0 0.815190
2012 0 0.800029
2013 0 1.320047
2014 0 0.869694
2015 0 0.759159
2016 0 0.715707
2017 0 0.927505
2018 0 1.221868
2019 0 0.779100
2020 0 1.281970
2021 0 1.359009
2022 0 0.925707
2023 0 1.267404
2024 0 1.707213
2025 0 0.849895
2026 0 1.101336
2027 0 1.522093
2028 0 1.058698
2029 0 0.878346
2030 0 1.377970
2031 0 1.412448
2032 0 0.818633
2033 0 0.923323
2034 0 1.218129
2035 0 0.701471
2036 0 1.472365
2037 0 1.498900
2038 0 0.892389
2039 0 1.020174
2040 0 1.812972
2041 0 0.815308
2042 0 0.854545
2043 0 1.350410
2044 0 1.067699
2045 0 1.272385
2046 0 1.381812
2047 0 1.041874
2048 0 1.113650
2049 0 1.264571
2050 0 1.413294
2051 0 1.371999
2052 0 0.899799
2053 0 0.452677
2054 0 0.990290
2055 0 0.926439
2056 0 0.843288
2057 0 0.818015
2058 0 1.160969
2059 0 1.233617
2060 0 1.318047
2061 0 1.285662
2062 0 1.541186
2063 0 1.626502
2064 0 1.361599
2065 0 1.044275
2066 0 1.387578
2067 0 0.340551
2068 0 1.147887
2069 0 1.384095
2070 0 1.343874
2071 0 1.398523
2072 0 1.449639
2073 0 1.347164
2074 0 1.045215
2075 0 1.127887
2076 0 1.805571
2077 0 1.135421
2078 0 1.446804
2079 0 1.092071
2080 0 1.373601
2081 0 1.250876
2082 0 1.354791
2083 0 1.389237
2084 0 1.495566
2085 0 1.260080
2086 0 1.543963
2087 0 1.254356
2088 0 1.082883
2089 0 0.459253
2090 0 1.333003
2091 0 1.328288
2092 0 1.617168
2093 0 1.730089
2094 0 1.093792
2095 0 2.295302
2096 0 1.396773
2097 0 1.385887
2098 0 1.363991
2099 0 1.519772
2100 0 1.431812
2101 0 1.277301
2102 0 2.453083
2103 0 2.039780
2104 0 1.869147
2105 0 1.391016
2106 0 2.094667
2107 0 0.996736
2108 0 1.437295
2109 0 1.802084
2110 0 1.400032
2111 0 1.601413
2112 0 2.220241
2113 0 1.468881
2114 0 1.419405
2115 0 1.931774
2116 0 0.482118
2117 0 1.594755
2118 0 2.419509
2119 0 1.481268
2120 0 1.530884
2121 0 1.647493
2122 0 1.566673
2123 0 2.073693
2124 0 2.130103
2125 0 2.077192
2126 0 2.270506
2127 0 1.696302
2128 0 2.511956
2129 0 1.803944
2130 0 0.566844
2131 0 2.337869
2132 0 2.438549
2133 0 2.175123
2134 0 2.514663
2135 0 3.275122
2136 0 2.247802