
0 0 0.085812
1 0 0.085985
2 0 0.292960
3 0 0.078454
4 0 0.384284
5 0 0.078633
6 0 0.053419
7 0 0.153609
8 0 0.066671
9 0 0.249092
10 0 0.073781
11 0 0.287925
12 0 0.077838
13 0 0.303850
14 0 0.081757
15 0 0.319140
16 0 0.085789
17 0 0.334958
18 0 0.294965
19 0 0.089987
20 0 0.351416
21 0 0.094344
22 0 0.368534
23 0 0.098849
24 0 0.386290
25 0 0.234959
26 0 0.103478
27 0 0.404590
28 0 0.312062
29 0 0.268276
30 0 0.108200
31 0 0.423343
32 0 0.322145
33 0 0.112979
34 0 0.442401
35 0 0.340648
36 0 0.117760
37 0 0.461591
38 0 0.358840
39 0 0.122498
40 0 0.480718
41 0 0.377347
42 0 0.127151
43 0 0.499458
44 0 0.396651
45 0 0.132181
46 0 0.517688
47 0 0.416807
48 0 0.142635
49 0 0.537548
50 0 0.212776
51 0 0.437751
52 0 0.178276
53 0 0.590777
54 0 0.289889
55 0 0.459387
56 0 0.184093
57 0 0.896613
58 0 0.331663
59 0 0.286211
60 0 0.481593
61 0 0.112677
62 0 0.493946
63 0 0.652251
64 0 0.353660
65 0 0.504187
66 0 0.372869
67 0 0.526963
68 0 0.212202
69 0 0.201523
70 0 0.701453
71 0 0.180259
72 0 0.878807
73 0 0.392880
74 0 0.549673
75 0 0.240566
76 0 0.182511
77 0 0.116681
78 0 0.341736
79 0 0.413936
80 0 0.572025
81 0 0.288834
82 0 0.140312
83 0 0.537728
84 0 0.436024
85 0 0.593215
86 0 0.147955
87 0 0.594245
88 0 0.244528
89 0 0.459049
90 0 0.617364
91 0 0.147390
92 0 0.593451
93 0 0.319427
94 0 0.482898
95 0 0.800456
96 0 0.145448
97 0 0.586844
98 0 0.345810
99 0 0.507451
100 0 1.119944
101 0 0.142764
102 0 0.577272
103 0 0.276096
104 0 0.363891
105 0 0.532467
106 0 0.299655
107 0 0.220909
108 0 0.738198
109 0 0.139555
110 0 0.565346
111 0 0.383792
112 0 0.557817
113 0 0.135906
114 0 0.551513
115 0 0.405342
116 0 0.583416
117 0 0.131909
118 0 0.536123
119 0 0.428215
120 0 0.609854
121 0 0.545198
122 0 0.127639
123 0 0.519482
124 0 0.283171
125 0 0.452302
126 0 0.643758
127 0 0.689462
128 0 0.123176
129 0 0.501923
130 0 0.707775
131 0 0.222532
132 0 0.477484
133 0 0.731860
134 0 0.673082
135 0 0.118586
136 0 0.483734
137 0 0.319160
138 0 0.337766
139 0 0.503684
140 0 0.670058
141 0 0.654004
142 0 0.113934
143 0 0.465162
144 0 0.354060
145 0 0.530713
146 0 0.660880
147 0 0.109279
148 0 0.446498
149 0 0.847636
150 0 0.372784
151 0 0.558412
152 0 0.271087
153 0 0.647703
154 0 0.104681
155 0 0.427863
156 0 0.394516
157 0 0.296586
158 0 0.586643
159 0 0.631925
160 0 0.100504
161 0 0.409471
162 0 0.417941
163 0 0.615503
164 0 0.614135
165 0 0.100002
166 0 0.393014
167 0 0.208761
168 0 0.442854
169 0 0.646731
170 0 0.494588
171 0 0.594726
172 0 0.115395
173 0 0.398778
174 0 0.469162
175 0 0.701032
176 0 0.651115
177 0 0.574120
178 0 0.273926
179 0 0.110901
180 0 0.562332
181 0 0.211653
182 0 0.326620
183 0 0.496814
184 0 0.704329
185 0 0.552695
186 0 0.716269
187 0 0.899076
188 0 0.067013
189 0 0.292386
190 0 0.339159
191 0 0.525693
192 0 0.377488
193 0 0.702484
194 0 0.530781
195 0 0.296495
196 0 0.359321
197 0 0.555613
198 0 1.057060
199 0 0.688958
200 0 0.508727
201 0 0.381674
202 0 0.586434
203 0 0.672106
204 0 0.212685
205 0 0.486810
206 0 0.405565
207 0 0.262775
208 0 0.617802
209 0 0.652886
210 0 0.136856
211 0 0.465224
212 0 0.282228
213 0 0.777035
214 0 0.431065
215 0 0.649081
216 0 0.631743
217 0 0.443659
218 0 0.458247
219 0 0.694212
220 0 0.599837
221 0 0.609150
222 0 0.423917
223 0 0.795151
224 0 0.487113
225 0 0.983991
226 0 0.208146
227 0 0.739510
228 0 0.585560
229 0 0.498499
230 0 0.294261
231 0 0.517599
232 0 0.269462
233 0 0.263375
234 0 0.746536
235 0 0.561403
236 0 0.628531
237 0 0.339754
238 0 0.549594
239 0 0.783695
240 0 0.729197
241 0 0.537067
242 0 0.801648
243 0 0.366526
244 0 0.120644
245 0 0.582938
246 0 0.286634
247 0 0.710368
248 0 0.512941
249 0 0.699187
250 0 0.391129
251 0 0.617103
252 0 0.689606
253 0 0.489520
254 0 0.417003
255 0 0.650869
256 0 0.666692
257 0 0.467562
258 0 0.253564
259 0 0.444759
260 0 0.684555
261 0 0.271345
262 0 0.642017
263 0 0.822875
264 0 0.451317
265 0 0.474535
266 0 0.758159
267 0 0.548183
268 0 1.301797
269 0 0.616159
270 0 0.469270
271 0 0.506331
272 0 0.196265
273 0 0.241591
274 0 0.858329
275 0 0.794433
276 0 0.589609
277 0 0.316851
278 0 0.540117
279 0 0.350327
280 0 0.301198
281 0 0.774284
282 0 0.562851
283 0 0.350056
284 0 0.253405
285 0 0.575777
286 0 0.498045
287 0 0.752107
288 0 0.536309
289 0 0.833938
290 0 0.374906
291 0 0.612915
292 0 0.729673
293 0 0.865789
294 0 0.510500
295 0 0.851318
296 0 0.283701
297 0 0.400737
298 0 0.650297
299 0 0.704780
300 0 0.485913
301 0 0.428702
302 0 0.686066
303 0 0.677788
304 0 0.463702
305 0 0.095318
306 0 0.262822
307 0 0.459012
308 0 0.727524
309 0 0.244005
310 0 0.649330
311 0 0.454992
312 0 0.817461
313 0 0.853432
314 0 0.491723
315 0 0.260948
316 0 0.867360
317 0 0.575865
318 0 0.837561
319 0 0.620048
320 0 0.526906
321 0 0.219844
322 0 0.338349
323 0 0.526017
324 0 0.812608
325 0 0.590493
326 0 0.331144
327 0 0.564548
328 0 0.872677
329 0 0.795786
330 0 0.561182
331 0 0.311769
332 0 0.357410
333 0 0.604403
334 0 0.395279
335 0 0.773758
336 0 0.532606
337 0 0.243141
338 0 0.382465
339 0 0.645517
340 0 0.118114
341 0 0.747142
342 0 0.882772
343 0 0.505088
344 0 0.410197
345 0 0.686451
346 0 0.902528
347 0 1.256224
348 0 0.717558
349 0 0.268943
350 0 0.478345
351 0 0.440585
352 0 0.729342
353 0 0.686104
354 0 0.459204
355 0 0.796733
356 0 0.473732
357 0 0.426585
358 0 0.281792
359 0 0.653658
360 0 0.570955
361 0 1.147657
362 0 0.571442
363 0 0.233760
364 0 0.509822
365 0 0.773180
366 0 0.620861
367 0 0.800324
368 0 0.200943
369 0 0.249123
370 0 0.915053
371 0 0.300790
372 0 0.548936
373 0 0.439291
374 0 0.831699
375 0 0.588350
376 0 0.337149
377 0 0.591030
378 0 0.821422
379 0 0.556629
380 0 0.924157
381 0 0.362373
382 0 0.635554
383 0 0.265855
384 0 0.794437
385 0 0.525973
386 0 0.557224
387 0 0.389388
388 0 0.681336
389 0 0.232143
390 0 0.762134
391 0 0.495891
392 0 0.120015
393 0 0.419391
394 0 0.729123
395 0 0.937974
396 0 0.727255
397 0 0.466160
398 0 0.992033
399 0 0.452448
400 0 0.786490
401 0 0.956024
402 0 0.255064
403 0 0.691077
404 0 0.452105
405 0 0.870833
406 0 0.488831
407 0 0.568906
408 0 0.654502
409 0 0.705935
410 0 0.947607
411 0 0.528778
412 0 0.303600
413 0 0.184552
414 0 0.865893
415 0 0.256883
416 0 0.618243
417 0 0.222578
418 0 0.306235
419 0 0.973451
420 0 0.572433
421 0 0.875220
422 0 0.237010
423 0 0.974181
424 0 0.582894
425 0 0.340311
426 0 0.619617
427 0 0.847786
428 0 0.548821
429 0 0.366552
430 0 0.669591
431 0 1.009804
432 0 0.812381
433 0 0.515685
434 0 0.276996
435 0 0.395657
436 0 0.396497
437 0 0.722655
438 0 0.773534
439 0 0.482610
440 0 0.220271
441 0 0.428073
442 0 0.782918
443 0 0.732988
444 0 0.118645
445 0 0.453221
446 0 1.003793
447 0 0.856782
448 0 0.464088
449 0 1.399483
450 0 0.444942
451 0 0.691938
452 0 1.021993
453 0 0.418556
454 0 0.241820
455 0 0.965414
456 0 0.504101
457 0 0.651273
458 0 0.650456
459 0 1.114689
460 0 0.548457
461 0 0.192868
462 0 0.282625
463 0 0.928308
464 0 0.611705
465 0 0.349674
466 0 0.314243
467 0 0.597322
468 0 0.210281
469 0 1.124222
470 0 0.908342
471 0 0.573689
472 0 0.411962
473 0 0.341840
474 0 0.650465
475 0 0.224140
476 0 1.045275
477 0 0.869239
478 0 0.537098
479 0 0.369613
480 0 0.708191
481 0 0.825926
482 0 0.501384
483 0 0.400911
484 0 0.772730
485 0 1.068835
486 0 0.237672
487 0 0.547904
488 0 0.780216
489 0 0.468121
490 0 0.435919
491 0 0.845785
492 0 0.448179
493 0 0.733830
494 0 0.207328
495 0 0.945981
496 0 0.475159
497 0 0.117456
498 0 0.556968
499 0 1.082193
500 0 0.687949
501 0 1.384633
502 0 0.519216
503 0 0.680782
504 0 1.096820
505 0 0.227118
506 0 0.952657
507 0 0.643409
508 0 1.139246
509 0 0.176940
510 0 1.625817
511 0 0.568558
512 0 0.291207
513 0 0.223827
514 0 0.971534
515 0 0.600785
516 0 0.313140
517 0 0.623492
518 0 0.933379
519 0 0.363452
520 0 0.560175
521 0 1.070508
522 0 0.196796
523 0 0.340984
524 0 0.684640
525 0 0.885306
526 0 0.521182
527 0 0.210638
528 0 1.130331
529 0 0.371275
530 0 0.754402
531 0 0.833734
532 0 0.484605
533 0 0.404779
534 0 0.833960
535 0 0.781007
536 0 0.386207
537 0 0.454620
538 0 1.142718
539 0 0.235489
540 0 0.442449
541 0 0.917786
542 0 0.438355
543 0 0.728851
544 0 0.485137
545 0 1.207795
546 0 0.193173
547 0 0.406920
548 0 0.678406
549 0 0.115460
550 0 0.650102
551 0 1.044530
552 0 0.533620
553 0 1.176043
554 0 1.508628
555 0 0.183578
556 0 1.006255
557 0 0.630378
558 0 0.261188
559 0 1.188796
560 0 0.588643
561 0 0.215755
562 0 0.237955
563 0 1.003716
564 0 0.584998
565 0 0.307581
566 0 0.651281
567 0 0.952539
568 0 0.542032
569 0 0.339493
570 0 0.724356
571 0 0.392784
572 0 1.250169
573 0 0.259134
574 0 0.894569
575 0 0.182050
576 0 0.501912
577 0 0.371255
578 0 0.812316
579 0 0.195802
580 0 1.233880
581 0 0.834391
582 0 0.466919
583 0 0.406655
584 0 0.924723
585 0 0.774716
586 0 0.439959
587 0 0.446961
588 0 0.525365
589 0 1.116936
590 0 1.237654
591 0 0.225359
592 0 0.427613
593 0 0.717166
594 0 0.493225
595 0 0.662704
596 0 0.704864
597 0 1.169223
598 0 0.177653
599 0 0.546509
600 0 0.205406
601 0 1.069636
602 0 0.124016
603 0 0.611687
604 0 1.315095
605 0 1.290881
606 0 1.631880
607 0 0.272673
608 0 0.608319
609 0 1.911169
610 0 1.027205
611 0 0.264481
612 0 0.564010
613 0 0.199255
614 0 1.302945
615 0 0.307447
616 0 0.681456
617 0 0.963246
618 0 0.519867
619 0 0.336344
620 0 0.770094
621 0 0.894977
622 0 0.480366
623 0 1.231718
624 0 0.424694
625 0 0.241327
626 0 0.368629
627 0 0.875407
628 0 0.166034
629 0 0.826354
630 0 0.445870
631 0 0.405684
632 0 1.012421
633 0 0.178906
634 0 1.364040
635 0 0.424036
636 0 0.760244
637 0 0.448493
638 0 0.698056
639 0 1.209337
640 0 0.463320
641 0 1.352857
642 0 0.200860
643 0 0.498284
644 0 0.442404
645 0 0.763257
646 0 0.640337
647 0 1.152802
648 0 1.151700
649 0 0.556820
650 0 0.180343
651 0 0.252983
652 0 1.098982
653 0 0.587077
654 0 0.160781
655 0 0.276756
656 0 0.627195
657 0 0.115646
658 0 1.188994
659 0 1.443055
660 0 1.038109
661 0 1.759245
662 0 0.538326
663 0 0.337351
664 0 0.301290
665 0 0.714383
666 0 0.179844
667 0 1.451140
668 0 0.963312
669 0 0.495034
670 0 0.329326
671 0 0.818949
672 0 0.884628
673 0 0.456885
674 0 0.362437
675 0 0.927520
676 0 1.405744
677 0 0.191182
678 0 0.492302
679 0 0.808208
680 0 0.418935
681 0 0.148797
682 0 0.400832
683 0 1.211959
684 0 0.736721
685 0 0.449043
686 0 0.160576
687 0 1.541644
688 0 0.445670
689 0 0.671007
690 0 0.816178
691 0 0.498652
692 0 0.457526
693 0 1.076083
694 0 0.611103
695 0 1.528164
696 0 0.178485
697 0 0.149188
698 0 1.218549
699 0 0.562940
700 0 0.246485
701 0 0.177482
702 0 1.109562
703 0 0.556891
704 0 0.264126
705 0 0.644850
706 0 0.142701
707 0 1.039664
708 0 0.509171
709 0 0.111050
710 0 1.563077
711 0 0.289126
712 0 1.356956
713 0 0.750769
714 0 1.737274
715 0 2.119593
716 0 0.950284
717 0 0.469343
718 0 0.318272
719 0 0.160153
720 0 1.641131
721 0 0.889118
722 0 0.861650
723 0 0.440565
724 0 0.351749
725 0 1.127356
726 0 0.778923
727 0 0.440529
728 0 1.610147
729 0 0.180939
730 0 0.390687
731 0 0.693291
732 0 0.703645
733 0 0.130469
734 0 0.436439
735 0 1.304819
736 0 0.141079
737 0 1.757363
738 0 0.635864
739 0 1.022837
740 0 0.491455
741 0 0.425489
742 0 0.148284
743 0 1.190368
744 0 0.575261
745 0 0.431551
746 0 0.209728
747 0 1.588941
748 0 0.562153
749 0 0.185176
750 0 0.159829
751 0 1.737216
752 0 1.130132
753 0 0.521982
754 0 0.246730
755 0 0.660741
756 0 1.024868
757 0 0.476556
758 0 0.123514
759 0 0.274022
760 0 0.789744
761 0 1.724619
762 0 2.021966
763 0 0.920999
764 0 0.193179
765 0 0.103670
766 0 0.438909
767 0 1.810932
768 0 3.729104
769 0 0.302657
770 0 1.012461
771 0 0.824720
772 0 0.417507
773 0 0.139288
774 0 1.894693
775 0 0.335360
776 0 2.186149
777 0 0.737991
778 0 0.373219
779 0 0.416536
780 0 1.732009
781 0 0.161433
782 0 0.660964
783 0 0.737752
784 0 2.128319
785 0 3.003469
786 0 0.417366
787 0 0.111132
788 0 0.593021
789 0 0.903379
790 0 1.568736
791 0 1.191382
792 0 0.471442
793 0 0.120386
794 0 0.157522
795 0 1.231402
796 0 0.533689
797 0 0.205964
798 0 0.549766
799 0 0.344843
800 0 2.452902
801 0 0.399782
802 0 1.109279
803 0 0.188571
804 0 0.482694
805 0 0.136625
806 0 2.127061
807 0 0.231226
808 0 0.684364
809 0 0.985985
810 0 0.438038
811 0 0.711682
812 0 0.254829
813 0 0.842217
814 0 0.873760
815 0 0.103344
816 0 0.395271
817 0 1.258310
818 0 1.652789
819 0 0.163012
820 0 0.281386
821 0 0.095979
822 0 0.773482
823 0 0.420384
824 0 0.311654
825 0 0.116729
826 0 2.487864
827 0 0.685664
828 0 0.345611
829 0 5.280225
830 0 0.609361
831 0 0.382550
832 0 2.050943
833 0 0.131163
834 0 0.959418
835 0 0.543518
836 0 1.338905
837 0 0.090935
838 0 1.561906
839 0 0.432380
840 0 0.429001
841 0 0.131482
842 0 0.176686
843 0 1.188133
844 0 0.487335
845 0 0.098617
846 0 0.188963
847 0 0.537765
848 0 1.053011
849 0 0.439697
850 0 2.614644
851 0 0.350263
852 0 0.159114
853 0 0.208987
854 0 0.745519
855 0 0.369993
856 0 0.924426
857 0 0.111494
858 0 3.608625
859 0 0.403327
860 0 0.229895
861 0 1.439594
862 0 0.808869
863 0 0.382574
864 0 0.253372
865 0 0.082342
866 0 2.857953
867 0 2.171233
868 0 0.116439
869 0 0.708678
870 0 0.088106
871 0 0.279072
872 0 0.623022
873 0 0.093175
874 0 0.304921
875 0 0.378275
876 0 0.550210
877 0 0.947746
878 0 0.328894
879 0 1.158750
880 0 0.488763
881 0 0.097600
882 0 1.515210
883 0 0.104013
884 0 3.744519
885 0 3.491928
886 0 0.408250
887 0 0.137802
888 0 0.125301
889 0 1.109642
890 0 0.070019
891 0 0.436962
892 0 0.163974
893 0 0.927354
894 0 0.076012
895 0 0.973573
896 0 0.396800
897 0 0.181413
898 0 2.274437
899 0 0.291999
900 0 0.841719
901 0 0.456308
902 0 0.336528
903 0 0.199105
904 0 0.086477
905 0 0.727915
906 0 0.218117
907 0 0.276000
908 0 0.632119
909 0 3.380920
910 0 0.060665
911 0 0.237703
912 0 0.099743
913 0 0.079253
914 0 0.552078
915 0 0.256249
916 0 0.485480
917 0 0.068860
918 0 1.150020
919 0 0.295274
920 0 0.095795
921 0 1.175266
922 0 0.429878
923 0 0.122771
924 0 0.567343
925 0 2.231055
926 0 0.079238
927 0 1.020839
928 0 0.382565
929 0 1.052613
930 0 0.136638
931 0 0.048537
932 0 0.868535
933 0 0.348478
934 0 0.098596
935 0 0.149149
936 0 0.052757
937 0 0.739986
938 0 0.290527
939 0 0.162469
940 0 0.298121
941 0 0.633823
942 0 0.337568
943 0 0.060496
944 0 0.176196
945 0 3.950164
946 0 0.546749
947 0 0.190839
948 0 0.038502
949 0 0.475489
950 0 0.071506
951 0 0.214680
952 0 0.069256
953 0 0.417014
954 0 0.902619
955 0 1.747537
956 0 0.709331
957 0 0.312829
958 0 0.199168
959 0 0.327400
960 0 0.071162
961 0 0.043775
962 0 1.044621
963 0 0.367358
964 0 0.095170
965 0 0.081783
966 0 0.882171
967 0 0.325834
968 0 0.103358
969 0 0.050661
970 0 1.993531
971 0 0.739360
972 0 0.026675
973 0 0.289002
974 0 0.111895
975 0 0.623987
976 0 0.028997
977 0 0.058273
978 0 0.120543
979 0 0.233265
980 0 0.530961
981 0 0.128164
982 0 0.255222
983 0 0.376026
984 0 0.033264
985 0 0.456223
986 0 0.132251
987 0 0.396094
988 0 0.488889
989 0 0.119818
990 0 0.015997
991 0 1.310931
992 0 0.038079
993 0 0.346336
994 0 1.049866
995 0 0.177773
996 0 0.059965
997 0 0.041222
998 0 0.053111
999 0 0.869625
1000 0 0.305045
1001 0 0.018186
1002 0 0.060803
1003 0 0.717802
1004 0 0.036199
1005 0 0.332419
1006 0 0.065708
1007 0 0.596435
1008 0 0.020700
1009 0 1.822302
1010 0 0.070532
1011 0 0.157382
1012 0 0.500316
1013 0 0.004582
1014 0 0.074544
1015 0 0.004971
1016 0 0.424355
1017 0 0.021536
1018 0 0.181282
1019 0 0.075931
1020 0 0.364364
1021 0 0.229004
1022 0 0.071734
1023 0 0.005605
1024 0 0.316242
1025 0 0.371818
1026 0 1.081240
1027 0 0.077071
1028 0 0.822928
1029 0 0.274950
1030 0 0.020095
1031 0 -0.006642
1032 0 0.005433
1033 0 0.022735
1034 0 0.052689
1035 0 0.664799
1036 0 0.239753
1037 0 0.023537
1038 0 0.543216
1039 0 -0.007590
1040 0 0.024776
1041 0 0.002804
1042 0 0.449017
1043 0 0.202540
1044 0 1.188659
1045 0 0.026032
1046 0 -0.009162
1047 0 0.375746
1048 0 0.026213
1049 0 -0.017555
1050 0 0.318807
1051 0 0.023822
1052 0 -0.019099
1053 0 -0.012986
1054 0 0.274339
1055 0 0.176255
1056 0 0.199539
1057 0 0.237791
1058 0 0.729906
1059 0 0.220583
1060 0 -0.022045
1061 0 0.022558
1062 0 -0.000933
1063 0 0.572111
1064 0 0.204917
1065 0 -0.011882
1066 0 -0.020700
1067 0 0.455267
1068 0 -0.029232
1069 0 -0.026628
1070 0 -0.017078
1071 0 0.175959
1072 0 0.042318
1073 0 0.370087
1074 0 -0.019337
1075 0 -0.033292
1076 0 0.305544
1077 0 -0.035745
1078 0 -0.020810
1079 0 0.003177
1080 0 0.592551
1081 0 0.153971
1082 0 0.256119
1083 0 -0.021445
1084 0 -0.038751
1085 0 0.218167
1086 0 -0.039556
1087 0 -0.023436
1088 0 0.188223
1089 0 -0.043019
1090 0 -0.047659
1091 0 0.162363
1092 0 0.430120
1093 0 0.141425
1094 0 0.131824
1095 0 -0.034893
1096 0 0.065092
1097 0 -0.049460
1098 0 0.321187
1099 0 0.138854
1100 0 -0.054349
1101 0 0.255742
1102 0 -0.064650
1103 0 -0.062210
1104 0 -0.051592
1105 0 -0.058208
1106 0 0.208506
1107 0 0.119253
1108 0 0.025492
1109 0 -0.067298
1110 0 0.172802
1111 0 -0.039474
1112 0 -0.058707
1113 0 -0.071189
1114 0 -0.073945
1115 0 0.145657
1116 0 -0.071776
1117 0 -0.081078
1118 0 0.102971
1119 0 0.124743
1120 0 -0.067900
1121 0 -0.061245
1122 0 0.107446
1123 0 0.176832
1124 0 -0.066583
1125 0 -0.081052
1126 0 0.126047
1127 0 0.091631
1128 0 -0.077535
1129 0 -0.056834
1130 0 -0.107856
1131 0 0.097977
1132 0 0.069595
1133 0 0.088324
1134 0 -0.101352
1135 0 0.076993
1136 0 -0.118612
1137 0 -0.076429
1138 0 0.079692
1139 0 -0.111244
1140 0 -0.111302
1141 0 0.065726
1142 0 -0.073539
1143 0 -0.088976
1144 0 -0.120467
1145 0 0.062713
1146 0 0.010168
1147 0 0.054892
1148 0 -0.130698
1149 0 0.046574
1150 0 -0.083621
1151 0 -0.097291
1152 0 -0.107263
1153 0 0.039732
1154 0 -0.131677
1155 0 0.047843
1156 0 -0.096403
1157 0 0.033303
1158 0 -0.491164
1159 0 -0.101603
1160 0 -0.082453
1161 0 -0.105195
1162 0 0.026475
1163 0 -0.082357
1164 0 -0.089597
1165 0 -0.132719
1166 0 -0.112776
1167 0 -0.083615
1168 0 -0.207113
1169 0 -0.150980
1170 0 -0.132837
1171 0 0.036837
1172 0 0.012214
1173 0 0.018472
1174 0 -0.067069
1175 0 -0.263098
1176 0 -0.896538
1177 0 -0.102722
1178 0 -0.162543
1179 0 -0.055261
1180 0 -0.130780
1181 0 -0.176171
1182 0 -0.094901
1183 0 -0.046726
1184 0 -0.118792
1185 0 0.008536
1186 0 -0.003191
1187 0 -0.190884
1188 0 -0.040537
1189 0 -0.107817
1190 0 -0.138735
1191 0 -0.172886
1192 0 -0.036199
1193 0 -0.175937
1194 0 -0.004095
1195 0 -0.033551
1196 0 -0.198010
1197 0 -0.124039
1198 0 -0.102137
1199 0 -0.262427
1200 0 -0.155175
1201 0 -0.103017
1202 0 -0.555998
1203 0 -0.033195
1204 0 -0.180962
1205 0 -0.222860
1206 0 -0.111871
1207 0 -0.143346
1208 0 -0.201224
1209 0 -1.264946
1210 0 -0.184178
1211 0 -0.210527
1212 0 -0.210668
1213 0 -0.035482
1214 0 -0.376192
1215 0 -0.037158
1216 0 -0.128110
1217 0 -0.154703
1218 0 -0.254375
1219 0 -0.174001
1220 0 -0.678932
1221 0 -0.132584
1222 0 -0.115514
1223 0 -0.147596
1224 0 -0.040824
1225 0 -0.115915
1226 0 -0.016564
1227 0 -0.103048
1228 0 -0.131087
1229 0 -0.168906
1230 0 -0.277524
1231 0 -0.273058
1232 0 -0.697906
1233 0 -0.093403
1234 0 -0.276067
1235 0 -0.136665
1236 0 -0.382474
1237 0 -0.212620
1238 0 -0.150585
1239 0 -0.231809
1240 0 -0.087232
1241 0 -0.060115
1242 0 -0.122786
1243 0 -0.327272
1244 0 -0.257830
1245 0 -0.230353
1246 0 -0.133226
1247 0 -1.707138
1248 0 -0.172946
1249 0 -0.275237
1250 0 -0.443166
1251 0 -0.288082
1252 0 -0.348099
1253 0 -0.085346
1254 0 -0.234853
1255 0 -0.094989
1256 0 -0.927808
1257 0 -0.152367
1258 0 -0.187164
1259 0 -0.204056
1260 0 -0.356233
1261 0 -0.180309
1262 0 -0.091339
1263 0 -0.135225
1264 0 -0.175296
1265 0 -0.032930
1266 0 -0.162055
1267 0 -0.453157
1268 0 -0.473539
1269 0 -0.506340
1270 0 -0.153240
1271 0 -0.198804
1272 0 -0.146713
1273 0 -0.152431
1274 0 -0.237323
1275 0 -0.474788
1276 0 -0.238654
1277 0 -0.446174
1278 0 -0.854762
1279 0 -0.290433
1280 0 -0.175808
1281 0 -0.404452
1282 0 -0.133673
1283 0 -0.105573
1284 0 -0.322766
1285 0 -0.458464
1286 0 -1.811150
1287 0 -0.141620
1288 0 -0.344668
1289 0 -0.582774
1290 0 -0.153503
1291 0 -0.202329
1292 0 -0.369725
1293 0 -0.298344
1294 0 -0.125661
1295 0 -1.304149
1296 0 -0.165253
1297 0 -0.261979
1298 0 -0.175275
1299 0 -0.232458
1300 0 -0.633428
1301 0 -0.234047
1302 0 -0.119475
1303 0 -0.439922
1304 0 -0.182960
1305 0 -0.153900
1306 0 -0.201623
1307 0 -0.216929
1308 0 -0.612880
1309 0 -0.047019
1310 0 -0.630600
1311 0 -0.223643
1312 0 -0.190761
1313 0 -0.319902
1314 0 -0.174100
1315 0 -0.233817
1316 0 -0.470703
1317 0 -1.826667
1318 0 -0.539619
1319 0 -1.818863
1320 0 -0.347575
1321 0 -0.458631
1322 0 -0.522250
1323 0 -1.033471
1324 0 -0.168414
1325 0 -0.712555
1326 0 -0.199433
1327 0 -0.291485
1328 0 -0.386916
1329 0 -0.396223
1330 0 -0.159400
1331 0 -0.835512
1332 0 -0.346262
1333 0 -0.172561
1334 0 -0.230548
1335 0 -0.159469
1336 0 -0.211822
1337 0 -0.442772
1338 0 -0.302733
1339 0 -0.220299
1340 0 -1.294822
1341 0 -0.196643
1342 0 -0.270194
1343 0 -0.275581
1344 0 -0.484414
1345 0 -1.892198
1346 0 -0.163604
1347 0 -1.935567
1348 0 -0.254390
1349 0 -0.519824
1350 0 -0.171424
1351 0 -0.225981
1352 0 -0.525799
1353 0 -0.233235
1354 0 -0.653104
1355 0 -0.983442
1356 0 -0.060120
1357 0 -0.340542
1358 0 -0.315795
1359 0 -0.202987
1360 0 -0.913943
1361 0 -0.569597
1362 0 -0.280943
1363 0 -0.193524
1364 0 -0.264373
1365 0 -0.401615
1366 0 -0.494031
1367 0 -0.690025
1368 0 -1.012272
1369 0 -0.500848
1370 0 -1.936245
1371 0 -0.202657
1372 0 -0.446211
1373 0 -0.432665
1374 0 -0.221201
1375 0 -1.188313
1376 0 -0.320162
1377 0 -0.176030
1378 0 -0.376860
1379 0 -0.362232
1380 0 -1.307656
1381 0 -0.190288
1382 0 -0.255496
1383 0 -0.194773
1384 0 -0.317275
1385 0 -0.512639
1386 0 -1.924672
1387 0 -1.504265
1388 0 -0.550954
1389 0 -2.012086
1390 0 -0.301998
1391 0 -0.995577
1392 0 -0.257777
1393 0 -0.216320
1394 0 -0.303423
1395 0 -0.493542
1396 0 -1.547589
1397 0 -0.492724
1398 0 -0.870825
1399 0 -2.414495
1400 0 -0.304663
1401 0 -0.649241
1402 0 -0.610789
1403 0 -0.187711
1404 0 -0.247952
1405 0 -0.422811
1406 0 -0.754603
1407 0 -0.071668
1408 0 -1.051493
1409 0 -0.584297
1410 0 -0.259588
1411 0 -0.361951
1412 0 -1.851240
1413 0 -0.447409
1414 0 -1.366407
1415 0 -0.517037
1416 0 -0.211401
1417 0 -0.288595
1418 0 -0.738918
1419 0 -1.448359
1420 0 -0.456894
1421 0 -1.861236
1422 0 -0.246277
1423 0 -0.499379
1424 0 -1.273329
1425 0 -0.240960
1426 0 -0.399373
1427 0 -0.345466
1428 0 -0.191435
1429 0 -0.356468
1430 0 -1.463899
1431 0 -0.206602
1432 0 -0.277137
1433 0 -2.067626
1434 0 -1.930020
1435 0 -1.502340
1436 0 -0.578980
1437 0 -0.247682
1438 0 -0.547275
1439 0 -0.309498
1440 0 -0.340104
1441 0 -1.670096
1442 0 -0.657948
1443 0 -2.433850
1444 0 -0.234204
1445 0 -0.325324
1446 0 -0.848492
1447 0 -0.304998
1448 0 -0.396324
1449 0 -0.656402
1450 0 -0.416954
1451 0 -0.789074
1452 0 -0.677030
1453 0 -0.202694
1454 0 -0.267515
1455 0 -0.593884
1456 0 -0.866566
1457 0 -0.303090
1458 0 -0.080931
1459 0 -1.092943
1460 0 -0.384833
1461 0 -0.477175
1462 0 -1.669054
1463 0 -0.793198
1464 0 -0.531040
1465 0 -0.227661
1466 0 -1.244275
1467 0 -0.308950
1468 0 -0.472349
1469 0 -1.356495
1470 0 -1.964710
1471 0 -0.419876
1472 0 -0.286734
1473 0 -1.279073
1474 0 -0.552207
1475 0 -0.258652
1476 0 -0.365237
1477 0 -0.383824
1478 0 -0.205563
1479 0 -1.443234
1480 0 -1.865756
1481 0 -0.221448
1482 0 -0.296010
1483 0 -0.651963
1484 0 -2.057800
1485 0 -1.731125
1486 0 -0.645061
1487 0 -1.417288
1488 0 -0.722884
1489 0 -0.357631
1490 0 -0.291513
1491 0 -0.356186
1492 0 -0.342610
1493 0 -0.250246
1494 0 -0.965924
1495 0 -0.343473
1496 0 -0.662625
1497 0 -0.399529
1498 0 -0.433802
1499 0 -0.756423
1500 0 -0.596891
1501 0 -1.007423
1502 0 -0.216336
1503 0 -0.284727
1504 0 -0.334981
1505 0 -0.537382
1506 0 -1.129888
1507 0 -0.083829
1508 0 -0.524735
1509 0 -0.410065
1510 0 -0.897937
1511 0 -0.481243
1512 0 -1.160847
1513 0 -1.477277
1514 0 -0.242267
1515 0 -1.266353
1516 0 -0.326292
1517 0 -0.434281
1518 0 -1.661775
1519 0 -1.746169
1520 0 -1.247460
1521 0 -0.313529
1522 0 -0.608586
1523 0 -0.274261
1524 0 -0.382182
1525 0 -1.540891
1526 0 -0.400778
1527 0 -1.820640
1528 0 -0.218390
1529 0 -1.065727
1530 0 -0.558946
1531 0 -0.956041
1532 0 -0.234806
1533 0 -0.312311
1534 0 -0.710092
1535 0 -0.709333
1536 0 -0.408055
1537 0 -1.370870
1538 0 -1.359984
1539 0 -0.309739
1540 0 -0.378658
1541 0 -0.650504
1542 0 -0.331161
1543 0 -1.018985
1544 0 -0.471599
1545 0 -0.264433
1546 0 -0.357605
1547 0 -0.519473
1548 0 -0.593293
1549 0 -0.819425
1550 0 -1.130360
1551 0 -1.735570
1552 0 -0.537817
1553 0 -0.228625
1554 0 -0.299635
1555 0 -0.465147
1556 0 -1.134814
1557 0 -0.433849
1558 0 -0.578102
1559 0 -0.486430
1560 0 -0.087769
1561 0 -1.206391
1562 0 -1.526022
1563 0 -0.931596
1564 0 -1.351764
1565 0 -0.255217
1566 0 -0.340937
1567 0 -0.446539
1568 0 -1.281445
1569 0 -1.178365
1570 0 -0.259382
1571 0 -2.136999
1572 0 -0.660946
1573 0 -0.287815
1574 0 -0.385990
1575 0 -0.588843
1576 0 -1.420832
1577 0 -1.648402
1578 0 -0.690334
1579 0 -0.422348
1580 0 -0.229910
1581 0 -1.030640
1582 0 -0.841648
1583 0 -0.675642
1584 0 -0.334896
1585 0 -0.540217
1586 0 -0.246678
1587 0 -0.326166
1588 0 -0.754647
1589 0 -1.298006
1590 0 -1.703774
1591 0 -0.636600
1592 0 -0.395677
1593 0 -0.978326
1594 0 -0.477638
1595 0 -0.367726
1596 0 -0.586167
1597 0 -0.554814
1598 0 -0.276796
1599 0 -0.369056
1600 0 -0.839984
1601 0 -1.494508
1602 0 -0.534926
1603 0 -1.125142
1604 0 -1.007682
1605 0 -1.056924
1606 0 -0.239569
1607 0 -0.493972
1608 0 -0.312304
1609 0 -0.389277
1610 0 -1.101948
1611 0 -0.617865
1612 0 -0.096811
1613 0 -1.091976
1614 0 -1.235556
1615 0 -0.921028
1616 0 -0.377406
1617 0 -1.308571
1618 0 -0.468327
1619 0 -0.266541
1620 0 -0.353435
1621 0 -1.029579
1622 0 -0.837024
1623 0 -0.627595
1624 0 -0.699291
1625 0 -0.652982
1626 0 -0.299373
1627 0 -0.393865
1628 0 -0.579904
1629 0 -1.273708
1630 0 -0.325599
1631 0 -1.301093
1632 0 -0.667187
1633 0 -0.771268
1634 0 -0.240144
1635 0 -0.467357
1636 0 -0.484833
1637 0 -1.009187
1638 0 -0.774473
1639 0 -0.626213
1640 0 -0.257097
1641 0 -0.337718
1642 0 -1.203975
1643 0 -0.330863
1644 0 -0.573961
1645 0 -1.123137
1646 0 -0.319019
1647 0 -0.404039
1648 0 -0.574235
1649 0 -0.531650
1650 0 -0.287387
1651 0 -0.380980
1652 0 -0.838233
1653 0 -1.118142
1654 0 -1.134739
1655 0 -1.287122
1656 0 -0.522389
1657 0 -0.249202
1658 0 -0.322830
1659 0 -0.433947
1660 0 -0.649951
1661 0 -0.104470
1662 0 -1.147016
1663 0 -1.499781
1664 0 -0.488430
1665 0 -1.069873
1666 0 -0.909690
1667 0 -1.179014
1668 0 -0.276293
1669 0 -0.645939
1670 0 -0.363893
1671 0 -0.703963
1672 0 -0.720287
1673 0 -0.415648
1674 0 -0.665923
1675 0 -0.309031
1676 0 -1.017305
1677 0 -0.411682
1678 0 -0.925256
1679 0 -0.848552
1680 0 -0.988855
1681 0 -0.608373
1682 0 -0.249123
1683 0 -1.201752
1684 0 -0.533468
1685 0 -0.775933
1686 0 -1.000123
1687 0 -0.453393
1688 0 -0.524390
1689 0 -0.266107
1690 0 -0.549228
1691 0 -0.347022
1692 0 -1.136579
1693 0 -1.226405
1694 0 -0.359252
1695 0 -0.529953
1696 0 -0.430364
1697 0 -0.607955
1698 0 -0.296286
1699 0 -0.391187
1700 0 -0.829677
1701 0 -1.128614
1702 0 -1.131563
1703 0 -0.710573
1704 0 -0.257565
1705 0 -0.331328
1706 0 -0.449353
1707 0 -0.672355
1708 0 -0.110318
1709 0 -0.386012
1710 0 -1.043136
1711 0 -0.502663
1712 0 -1.134450
1713 0 -0.368243
1714 0 -0.820127
1715 0 -1.088220
1716 0 -0.893901
1717 0 -0.284516
1718 0 -0.694311
1719 0 -0.371858
1720 0 -0.725352
1721 0 -0.373933
1722 0 -1.136631
1723 0 -0.562284
1724 0 -0.646937
1725 0 -0.899956
1726 0 -0.316864
1727 0 -1.036253
1728 0 -0.419962
1729 0 -0.586852
1730 0 -1.035720
1731 0 -0.571384
1732 0 -1.070953
1733 0 -0.256914
1734 0 -0.769001
1735 0 -0.503807
1736 0 -0.969276
1737 0 -0.273758
1738 0 -0.354132
1739 0 -1.018317
1740 0 -0.451442
1741 0 -1.141531
1742 0 -0.548292
1743 0 -0.381739
1744 0 -0.629738
1745 0 -0.451967
1746 0 -0.303505
1747 0 -1.098910
1748 0 -0.397415
1749 0 -0.817970
1750 0 -1.064319
1751 0 -1.070349
1752 0 -0.680431
1753 0 -0.264729
1754 0 -0.337886
1755 0 -0.492985
1756 0 -0.445623
1757 0 -0.688638
1758 0 -0.115178
1759 0 -1.019883
1760 0 -0.804575
1761 0 -0.405486
1762 0 -0.901115
1763 0 -0.670856
1764 0 -0.419106
1765 0 -0.995423
1766 0 -0.291171
1767 0 -0.856336
1768 0 -0.377328
1769 0 -0.643317
1770 0 -0.720620
1771 0 -0.893760
1772 0 -0.552401
1773 0 -0.928346
1774 0 -0.758378
1775 0 -1.087952
1776 0 -0.322850
1777 0 -0.423571
1778 0 -0.451463
1779 0 -1.081209
1780 0 -0.457393
1781 0 -0.588197
1782 0 -1.087077
1783 0 -0.263630
1784 0 -0.762965
1785 0 -1.007383
1786 0 -0.279979
1787 0 -0.359144
1788 0 -0.910959
1789 0 -0.475537
1790 0 -0.399263
1791 0 -0.637522
1792 0 -0.469618
1793 0 -0.308692
1794 0 -0.996491
1795 0 -0.958372
1796 0 -0.400954
1797 0 -0.815728
1798 0 -0.448603
1799 0 -0.705546
1800 0 -0.659871
1801 0 -0.678104
1802 0 -0.270937
1803 0 -0.342357
1804 0 -0.451970
1805 0 -0.853194
1806 0 -0.628343
1807 0 -0.822348
1808 0 -0.376465
1809 0 -0.119075
1810 0 -0.765708
1811 0 -1.077126
1812 0 -0.431565
1813 0 -0.626266
1814 0 -1.122789
1815 0 -0.923545
1816 0 -0.933465
1817 0 -0.888354
1818 0 -0.295834
1819 0 -0.713529
1820 0 -0.380503
1821 0 -0.512543
1822 0 -0.492273
1823 0 -0.523674
1824 0 -0.326534
1825 0 -0.425429
1826 0 -1.002090
1827 0 -0.850305
1828 0 -0.484071
1829 0 -0.592108
1830 0 -0.270499
1831 0 -0.757669
1832 0 -0.284631
1833 0 -0.361758
1834 0 -0.482380
1835 0 -0.959901
1836 0 -0.951951
1837 0 -0.638408
1838 0 -0.413867
1839 0 -0.483800
1840 0 -0.447800
1841 0 -0.891270
1842 0 -0.643860
1843 0 -0.310757
1844 0 -0.402457
1845 0 -0.865579
1846 0 -0.734812
1847 0 -0.619029
1848 0 -0.806778
1849 0 -0.546998
1850 0 -0.670876
1851 0 -0.784083
1852 0 -0.658934
1853 0 -0.635363
1854 0 -1.049787
1855 0 -0.435975
1856 0 -0.277524
1857 0 -0.344594
1858 0 -0.450073
1859 0 -0.444645
1860 0 -0.121938
1861 0 -0.967673
1862 0 -1.018527
1863 0 -0.903902
1864 0 -0.557341
1865 0 -0.848543
1866 0 -0.705245
1867 0 -0.298387
1868 0 -0.860161
1869 0 -0.381228
1870 0 -0.515169
1871 0 -0.796333
1872 0 -0.328431
1873 0 -0.425594
1874 0 -0.603529
1875 0 -0.489375
1876 0 -0.558169
1877 0 -0.767409
1878 0 -0.292117
1879 0 -0.745284
1880 0 -0.287146
1881 0 -0.361575
1882 0 -0.468935
1883 0 -0.420847
1884 0 -0.633049
1885 0 -0.886989
1886 0 -0.815456
1887 0 -0.643485
1888 0 -0.660907
1889 0 -0.423250
1890 0 -0.493474
1891 0 -0.640723
1892 0 -0.736126
1893 0 -0.810478
1894 0 -0.309105
1895 0 -0.403642
1896 0 -0.900188
1897 0 -0.794724
1898 0 -0.788232
1899 0 -0.991597
1900 0 -0.905482
1901 0 -0.660049
1902 0 -0.523435
1903 0 -0.528607
1904 0 -0.361870
1905 0 -0.287678
1906 0 -0.347008
1907 0 -0.447045
1908 0 -0.610959
1909 0 -0.447308
1910 0 -0.123844
1911 0 -0.801729
1912 0 -0.578452
1913 0 -0.842610
1914 0 -0.692910
1915 0 -0.307939
1916 0 -0.379743
1917 0 -0.763325
1918 0 -0.445378
1919 0 -0.598111
1920 0 -0.816529
1921 0 -0.341503
1922 0 -0.432037
1923 0 -0.479402
1924 0 -0.598810
1925 0 -0.549218
1926 0 -0.843573
1927 0 -0.740467
1928 0 -0.287348
1929 0 -0.409223
1930 0 -0.606780
1931 0 -0.751218
1932 0 -0.659416
1933 0 -0.655926
1934 0 -0.282009
1935 0 -0.363616
1936 0 -0.466015
1937 0 -0.617977
1938 0 -0.819092
1939 0 -0.733199
1940 0 -0.990121
1941 0 -0.427679
1942 0 -0.564164
1943 0 -0.499282
1944 0 -0.719219
1945 0 -1.016026
1946 0 -0.336376
1947 0 -0.776297
1948 0 -0.412125
1949 0 -0.422963
1950 0 -0.644320
1951 0 -0.444282
1952 0 -0.408153
1953 0 -0.568280
1954 0 -0.505725
1955 0 -0.876461
1956 0 -0.373783
1957 0 -0.464013
1958 0 -0.569883
1959 0 -0.445853
1960 0 -0.124966
1961 0 -0.679024
1962 0 -0.566967
1963 0 -0.624825
1964 0 -0.677295
1965 0 -0.351813
1966 0 -0.395633
1967 0 -0.733350
1968 0 -0.484996
1969 0 -0.658937
1970 0 -0.578698
1971 0 -0.807338
1972 0 -0.413768
1973 0 -0.464382
1974 0 -0.379859
1975 0 -0.646013
1976 0 -0.600650
1977 0 -0.470559
1978 0 -0.527945
1979 0 -0.747693
1980 0 -0.681576
1981 0 -0.762987
1982 0 -0.825835
1983 0 -0.951370
1984 0 -0.602920
1985 0 -0.525180
1986 0 -0.414254
1987 0 -0.652261
1988 0 -0.429764
1989 0 -0.313673
1990 0 -0.609439
1991 0 -0.395638
1992 0 -0.714740
1993 0 -0.502291
1994 0 -0.398846
1995 0 -0.508079
1996 0 -0.461810
1997 0 -0.827278
1998 0 -0.631136
1999 0 -0.510695
2000 0 -0.524536
2001 0 -0.606144
2002 0 -0.490135
2003 0 -0.818892
2004 0 -0.778824
2005 0 -0.700378
2006 0 -0.506135
2007 0 -0.559732
2008 0 -0.443171
2009 0 -0.125584
2010 0 -0.561477
2011 0 -0.674222
2012 0 -0.665678
2013 0 -0.747945
2014 0 -0.531424
2015 0 -0.523161
2016 0 -0.553301
2017 0 -0.410577
2018 0 -0.562115
2019 0 -0.609731
2020 0 -0.624124
2021 0 -0.851518
2022 0 -0.714686
2023 0 -0.716705
2024 0 -0.890003
2025 0 -0.523618
2026 0 -0.755953
2027 0 -0.635242
2028 0 -0.865942
2029 0 -0.719591
2030 0 -0.501154
2031 0 -0.462600
2032 0 -0.644097
2033 0 -0.674669
2034 0 -0.778398
2035 0 -0.508529
2036 0 -0.428927
2037 0 -0.595775
2038 0 -0.692102
2039 0 -0.543678
2040 0 -0.503658
2041 0 -0.600902
2042 0 -0.671807
2043 0 -0.931398
2044 0 -0.684277
2045 0 -0.748550
2046 0 -0.478213
2047 0 -0.717066
2048 0 -0.680065
2049 0 -0.482037
2050 0 -0.439193
2051 0 -1.013028
2052 0 -0.695404
2053 0 -0.126577
2054 0 -0.598082
2055 0 -0.723618
2056 0 -0.610723
2057 0 -0.366463
2058 0 -0.660320
2059 0 -0.572689
2060 0 -0.561471
2061 0 -0.633324
2062 0 -1.184833
2063 0 -0.854226
2064 0 -1.017636
2065 0 -0.758251
2066 0 -0.558237
2067 0 -0.229616
2068 0 -0.742329
2069 0 -0.455502
2070 0 -0.488711
2071 0 -1.050513
2072 0 -0.427567
2073 0 -0.945562
2074 0 -0.713542
2075 0 -0.823005
2076 0 -0.508560
2077 0 -0.685927
2078 0 -1.087301
2079 0 -0.770030
2080 0 -0.475479
2081 0 -0.711563
2082 0 -0.517610
2083 0 -0.434578
2084 0 -1.089068
2085 0 -0.814879
2086 0 -1.155311
2087 0 -0.555273
2088 0 -0.456533
2089 0 -0.129957
2090 0 -0.624654
2091 0 -0.710850
2092 0 -1.115159
2093 0 -0.861131
2094 0 -0.806999
2095 0 -1.593347
2096 0 -0.856635
2097 0 -0.502646
2098 0 -0.449559
2099 0 -0.604450
2100 0 -0.426019
2101 0 -0.822726
2102 0 -1.575820
2103 0 -1.159176
2104 0 -0.531706
2105 0 -0.972892
2106 0 -1.130093
2107 0 -0.453114
2108 0 -0.496184
2109 0 -1.062122
2110 0 -0.605298
2111 0 -0.753420
2112 0 -1.134072
2113 0 -0.554707
2114 0 -0.445418
2115 0 -1.184827
2116 0 -0.137216
2117 0 -0.653368
2118 0 -1.165331
2119 0 -0.488085
2120 0 -0.552585
2121 0 -0.641591
2122 0 -0.468047
2123 0 -0.591640
2124 0 -0.935956
2125 0 -0.957179
2126 0 -0.949258
2127 0 -0.583851
2128 0 -0.943375
2129 0 -0.564489
2130 0 -0.162294
2131 0 -0.929995
2132 0 -0.868896
2133 0 -0.739988
2134 0 -0.813024
2135 0 -0.996606
2136 0 -0.650173